SuperMap iEarth/static/data/gfs.t18z.pgrb2.1p00.json
{"header": {"discipline":0,"disciplineName":"Meteorological products","gribEdition":2,"gribLength":48285,"center":7,"centerName":"US National Weather Service - NCEP(WMC)","subcenter":0,"refTime":"2021-10-13T18:00:00.000Z","significanceOfRT":1,"significanceOfRTName":"Start of forecast","productStatus":0,"productStatusName":"Operational products","productType":1,"productTypeName":"Forecast products","productDefinitionTemplate":0,"productDefinitionTemplateName":"Analysis/forecast at horizontal level/layer at a point in time","parameterCategory":0,"parameterCategoryName":"Temperature","parameterNumber":0,"parameterNumberName":"Temperature","parameterUnit":"K","genProcessType":2,"genProcessTypeName":"Forecast","forecastTime":0,"surface1Type":1,"surface1TypeName":"Ground or water surface","surface1Value":0.0,"surface2Type":255,"surface2TypeName":"Missing","surface2Value":0.0,"gridDefinitionTemplate":0,"gridDefinitionTemplateName":"Latitude_Longitude","numberPoints":65160,"shape":6,"shapeName":"Earth spherical with radius of 6,371,229.0 m","gridUnits":"degrees","resolution":48,"winds":"true","scanMode":0,"nx":360,"ny":181,"basicAngle":0,"lo1":0.0,"la1":90.0,"lo2":359.0,"la2":-90.0,"dx":1.0,"dy":1.0}, "data":
[rows 84 to 111 of 181, columns 124 to 185 of 360]
302.74408,295.1441,302.74408,302.9441,302.9441,302.74408,302.6441,302.6441,302.6441,302.74408,302.74408,302.74408,302.74408,302.74408,302.74408,302.8441,303.0441,303.24408,303.4441,303.3441,303.3441,303.4441,303.4441,303.4441,303.3441,303.3441,303.4441,303.4441,303.6441,303.6441,303.5441,303.5441,303.4441,303.3441,303.3441,303.24408,303.24408,303.24408,303.1441,303.1441,302.9441,302.8441,302.6441,302.6441,302.5441,302.4441,302.5441,302.74408,302.6441,302.4441,302.4441,302.3441,302.3441,302.24408,302.24408,302.1441,302.1441,302.0441,302.1441,302.0441,302.0441,301.74408
302.8441,302.74408,302.9441,302.9441,302.8441,302.74408,302.74408,302.8441,302.8441,302.8441,302.8441,302.9441,302.9441,302.9441,302.9441,303.0441,303.24408,303.5441,303.74408,303.6441,303.5441,303.5441,303.5441,303.5441,303.4441,303.3441,303.3441,303.4441,303.5441,303.5441,303.4441,303.3441,303.1441,303.0441,303.3441,303.24408,303.1441,303.1441,303.1441,303.1441,302.9441,302.8441,302.6441,302.5441,302.5441,302.5441,302.6441,302.5441,302.3441,302.24408,302.1441,302.0441,302.0441,301.9441,301.8441,301.8441,301.9441,301.8441,301.8441,301.8441,301.74408,301.4441
302.9441,303.0441,303.0441,303.1441,303.0441,303.0441,303.0441,303.1441,303.0441,303.0441,303.0441,303.1441,303.0441,303.1441,303.1441,303.1441,303.3441,303.5441,303.74408,303.8441,303.74408,303.8441,303.8441,303.5441,303.4441,303.4441,303.3441,303.4441,303.24408,303.1441,302.9441,302.74408,302.74408,302.8441,303.1441,303.1441,303.0441,303.0441,302.9441,302.8441,302.6441,302.5441,302.4441,302.24408,302.3441,302.4441,302.5441,302.4441,302.24408,301.9441,301.74408,301.6441,301.6441,301.6441,301.6441,301.6441,301.6441,301.6441,301.6441,301.6441,301.4441,301.24408
303.24408,303.3441,303.1441,303.1441,302.9441,303.1441,303.3441,303.3441,303.24408,303.3441,303.4441,303.3441,303.3441,303.3441,303.4441,303.4441,303.4441,303.5441,303.74408,303.8441,303.9441,303.9441,303.9441,303.8441,303.5441,303.5441,303.3441,303.1441,303.0441,302.9441,302.3441,301.8441,302.3441,302.74408,302.9441,303.1441,302.9441,302.9441,302.8441,302.5441,302.3441,302.24408,301.9441,302.0441,302.1441,302.24408,302.3441,302.24408,302.0441,301.74408,301.5441,301.4441,301.4441,301.5441,301.5441,301.5441,301.6441,301.4441,301.3441,301.3441,301.3441,301.0441
303.4441,303.24408,302.74408,302.74408,298.8441,303.3441,303.4441,303.3441,303.4441,303.4441,303.5441,303.74408,303.6441,303.6441,303.6441,303.6441,303.6441,303.74408,303.9441,304.0441,304.1441,304.1441,304.0441,303.8441,303.6441,303.24408,303.1441,302.9441,302.74408,302.74408,302.4441,302.24408,302.4441,302.6441,302.8441,302.9441,302.8441,302.74408,302.5441,302.24408,301.9441,301.74408,301.5441,301.5441,301.5441,301.6441,301.74408,301.6441,301.3441,301.24408,301.24408,301.3441,301.3441,301.4441,301.3441,301.5441,301.4441,301.24408,301.1441,301.0441,301.1441,300.9441
303.3441,302.1441,302.4441,302.6441,301.1441,303.3441,303.3441,303.5441,303.4441,303.4441,303.6441,303.9441,303.9441,303.8441,303.9441,303.8441,303.8441,303.8441,304.0441,304.24408,304.24408,304.24408,303.9441,303.6441,303.3441,303.0441,302.8441,302.6441,302.5441,302.6441,302.4441,302.3441,302.3441,302.5441,302.6441,302.6441,302.5441,302.4441,302.24408,301.8441,301.4441,301.24408,301.24408,301.24408,301.24408,301.24408,301.24408,301.0441,300.9441,300.8441,300.8441,300.9441,301.0441,301.0441,301.1441,301.1441,301.1441,300.9441,300.74408,300.6441,300.5441,300.4441
302.6441,302.5441,302.5441,302.6441,302.9441,303.0441,303.0441,302.9441,303.24408,303.3441,303.5441,303.74408,303.9441,303.8441,303.8441,303.8441,303.74408,303.8441,304.0441,304.24408,304.1441,304.0441,303.8441,303.5441,303.24408,303.0441,302.8441,302.6441,302.5441,302.6441,302.5441,302.3441,302.3441,302.3441,302.3441,302.4441,302.3441,302.1441,301.9441,301.74408,301.3441,301.1441,301.1441,301.24408,301.24408,301.1441,300.9441,300.74408,300.74408,300.74408,300.74408,300.74408,300.8441,300.9441,300.9441,300.8441,300.8441,300.74408,300.5441,300.3441,300.3441,300.0441
302.3441,302.74408,302.5441,302.5441,302.8441,302.9441,302.9441,297.1441,294.5441,290.0441,297.3441,303.4441,296.24408,303.6441,303.5441,303.6441,303.5441,303.74408,303.9441,304.0441,304.0441,303.9441,303.8441,303.6441,303.3441,303.1441,303.0441,302.9441,302.9441,302.8441,302.6441,302.4441,302.4441,302.4441,302.3441,302.3441,302.3441,302.24408,302.0441,301.9441,301.6441,301.24408,301.3441,301.4441,301.4441,301.4441,301.24408,301.0441,300.8441,300.9441,300.9441,300.9441,301.0441,301.3441,301.24408,300.9441,300.8441,300.6441,300.6441,300.4441,300.24408,300.1441
301.9441,302.1441,298.0441,302.4441,302.74408,302.9441,299.74408,302.9441,302.0441,295.74408,295.1441,303.4441,303.5441,303.6441,296.0441,298.9441,303.0441,303.24408,303.5441,303.6441,303.74408,303.74408,303.8441,298.9441,303.5441,303.3441,303.24408,303.1441,303.1441,302.9441,302.8441,302.74408,302.8441,302.74408,302.6441,302.6441,302.6441,302.5441,302.4441,302.3441,301.9441,301.5441,301.5441,301.74408,301.74408,301.74408,301.6441,301.4441,301.3441,301.24408,301.1441,301.1441,301.4441,301.5441,301.5441,301.24408,300.9441,300.8441,300.74408,300.6441,300.5441,300.24408
302.3441,302.1441,302.4441,302.5441,302.8441,294.74408,296.4441,303.0441,302.8441,296.8441,294.9441,303.4441,299.1441,294.8441,295.74408,295.4441,294.24408,294.9441,295.8441,303.1441,303.3441,303.3441,303.5441,303.74408,303.74408,303.74408,303.74408,303.5441,303.5441,303.24408,303.0441,303.0441,303.1441,302.9441,302.8441,302.9441,302.9441,302.74408,302.4441,302.4441,302.4441,302.24408,302.0441,301.9441,301.9441,302.0441,302.0441,302.0441,301.8441,301.6441,301.5441,301.6441,301.6441,301.6441,301.6441,301.4441,301.24408,301.0441,301.0441,300.8441,300.74408,300.5441
302.1441,302.24408,302.1441,302.1441,302.24408,302.4441,302.6441,302.6441,302.9441,292.9441,302.24408,296.5441,287.3441,282.0441,280.9441,285.74408,292.6441,295.0441,295.8441,295.9441,295.8441,302.8441,303.1441,303.5441,303.6441,303.74408,303.9441,303.9441,303.5441,300.6441,303.1441,303.24408,303.3441,303.1441,303.0441,303.0441,303.0441,302.8441,302.5441,302.5441,302.5441,302.74408,302.4441,302.24408,302.24408,302.24408,302.24408,302.24408,302.1441,302.1441,302.0441,302.0441,301.9441,301.74408,301.74408,301.5441,301.3441,301.24408,301.24408,301.24408,301.1441,301.0441
302.3441,302.3441,302.3441,302.24408,302.3441,302.4441,302.6441,302.74408,302.8441,302.9441,302.3441,302.1441,302.1441,302.1441,296.24408,296.24408,294.6441,285.6441,287.9441,286.6441,290.9441,295.0441,302.4441,303.24408,303.6441,303.8441,303.8441,303.74408,302.3441,302.9441,303.24408,303.24408,303.24408,303.0441,303.0441,303.0441,303.0441,302.9441,302.6441,302.6441,302.74408,302.8441,302.74408,302.6441,302.5441,302.5441,302.6441,302.6441,302.6441,302.6441,302.5441,302.3441,302.1441,301.9441,301.8441,301.6441,301.3441,301.4441,301.5441,301.5441,301.5441,301.4441
302.5441,302.5441,302.24408,302.0441,302.1441,302.5441,302.6441,302.6441,302.5441,302.6441,302.5441,302.5441,302.3441,301.9441,301.5441,296.4441,295.5441,296.0441,295.3441,288.3441,283.4441,284.8441,291.1441,292.24408,302.5441,295.8441,294.3441,300.1441,302.6441,302.9441,303.1441,292.74408,303.1441,302.9441,302.9441,303.0441,302.9441,302.9441,302.9441,302.74408,302.9441,302.9441,302.8441,302.74408,302.9441,302.9441,302.9441,302.9441,302.9441,302.8441,302.6441,302.5441,302.3441,302.1441,302.0441,301.9441,301.8441,301.74408,301.74408,301.74408,301.8441,301.9441
302.6441,302.74408,302.4441,302.0441,302.1441,302.5441,302.6441,302.74408,302.3441,302.1441,301.6441,301.8441,301.9441,301.6441,301.3441,296.8441,296.3441,295.6441,294.5441,295.9441,294.9441,295.5441,285.8441,295.8441,302.3441,302.3441,302.3441,302.4441,302.6441,302.9441,303.24408,303.24408,303.0441,295.6441,302.9441,303.0441,302.8441,302.74408,302.74408,302.8441,302.9441,302.9441,302.9441,302.9441,303.0441,303.0441,303.1441,303.1441,303.0441,302.8441,302.5441,302.3441,302.3441,302.4441,302.24408,302.1441,302.1441,302.0441,302.0441,301.9441,302.1441,302.24408
302.5441,302.6441,300.8441,301.9441,301.9441,302.24408,302.3441,302.24408,302.1441,301.8441,301.5441,301.6441,301.5441,301.4441,296.6441,298.74408,296.24408,296.1441,295.8441,296.0441,301.4441,301.4441,296.1441,283.9441,301.8441,302.0441,302.1441,302.24408,302.5441,302.8441,302.9441,303.0441,303.24408,297.1441,302.9441,301.1441,302.8441,302.6441,302.6441,302.6441,302.74408,302.74408,302.74408,302.8441,303.0441,303.1441,303.24408,303.0441,303.0441,302.74408,302.4441,302.24408,302.3441,302.5441,302.4441,302.24408,302.24408,302.1441,302.0441,302.1441,302.24408,302.3441
301.24408,297.74408,296.24408,302.0441,301.9441,302.0441,302.1441,302.24408,302.1441,301.9441,301.6441,301.3441,301.0441,300.9441,300.8441,300.74408,300.8441,298.1441,296.5441,297.24408,300.9441,300.9441,301.0441,297.1441,292.4441,299.3441,301.74408,301.9441,302.3441,302.5441,302.6441,302.8441,303.0441,302.9441,303.0441,303.1441,302.8441,294.24408,302.5441,302.6441,302.6441,302.4441,302.4441,302.6441,302.74408,302.8441,302.6441,302.5441,302.6441,302.5441,302.4441,302.4441,302.4441,302.4441,302.3441,302.24408,302.24408,302.0441,301.9441,302.0441,302.24408,302.3441
294.74408,302.24408,302.5441,302.4441,302.3441,302.24408,302.3441,302.3441,302.24408,301.9441,301.6441,301.24408,300.9441,300.8441,300.8441,300.74408,300.5441,300.3441,299.9441,300.1441,300.0441,300.4441,300.4441,300.1441,296.6441,292.74408,301.5441,299.0441,302.1441,302.3441,302.5441,302.6441,302.74408,302.74408,302.8441,303.0441,302.6441,302.74408,302.6441,302.6441,302.5441,302.3441,302.24408,302.3441,302.4441,302.24408,301.74408,301.8441,302.24408,302.3441,302.3441,302.24408,302.1441,302.1441,302.24408,302.1441,302.1441,302.0441,302.0441,302.0441,302.24408,302.1441
301.9441,302.1441,302.4441,302.4441,302.6441,302.6441,302.6441,302.6441,302.5441,302.0441,301.6441,301.4441,301.4441,301.1441,301.24408,301.24408,300.9441,300.5441,300.0441,299.6441,299.6441,300.1441,300.0441,299.9441,300.0441,300.1441,300.24408,300.6441,301.3441,302.0441,302.3441,302.3441,302.24408,302.3441,302.6441,302.74408,302.5441,302.5441,302.5441,302.5441,302.3441,302.1441,302.1441,302.3441,302.24408,302.0441,301.8441,301.8441,302.0441,302.0441,302.0441,301.9441,301.8441,301.8441,301.9441,301.9441,301.9441,302.0441,302.0441,301.9441,301.9441,301.9441
301.74408,302.0441,301.9441,301.9441,302.4441,302.74408,302.74408,302.9441,302.9441,297.0441,295.24408,302.1441,301.9441,301.5441,301.74408,301.8441,301.6441,301.3441,300.3441,294.5441,299.74408,300.1441,299.9441,299.8441,300.1441,300.4441,300.5441,300.8441,301.24408,301.6441,302.0441,302.0441,301.9441,302.0441,302.24408,302.3441,302.24408,302.3441,302.4441,302.4441,302.24408,302.0441,301.9441,301.8441,301.9441,301.9441,301.8441,301.9441,301.8441,301.8441,301.8441,301.8441,301.8441,301.8441,301.74408,301.6441,301.6441,301.8441,301.6441,301.6441,301.8441,301.74408
301.4441,301.6441,301.3441,301.6441,302.0441,302.3441,302.8441,300.4441,299.74408,296.6441,295.6441,295.9441,295.6441,301.4441,301.9441,302.1441,301.9441,301.5441,296.6441,293.1441,299.8441,299.9441,299.8441,299.8441,300.1441,300.3441,300.5441,300.74408,301.24408,301.4441,301.6441,301.6441,301.6441,301.74408,301.8441,301.74408,301.74408,302.0441,302.1441,302.24408,302.0441,301.74408,301.4441,301.24408,301.5441,301.6441,301.5441,301.5441,301.5441,301.6441,301.6441,301.6441,301.4441,301.3441,301.24408,301.1441,301.3441,301.1441,301.1441,301.1441,301.3441,301.5441
301.1441,301.3441,300.4441,298.0441,301.24408,301.9441,298.5441,300.1441,300.6441,297.5441,299.74408,299.24408,298.8441,301.3441,302.0441,302.24408,301.8441,301.5441,297.4441,292.6441,300.0441,299.8441,299.74408,299.8441,299.9441,300.0441,300.24408,300.5441,300.8441,301.0441,300.9441,301.0441,301.24408,301.6441,301.5441,301.3441,301.3441,301.4441,301.74408,302.0441,301.74408,301.5441,301.3441,301.24408,301.4441,301.4441,301.24408,301.1441,301.24408,301.24408,301.3441,301.24408,300.9441,300.6441,300.74408,300.9441,300.9441,300.8441,300.74408,301.0441,301.24408,301.4441
300.8441,301.5441,294.24408,299.6441,297.5441,301.8441,298.9441,300.3441,302.1441,300.1441,301.5441,300.1441,302.24408,301.5441,301.9441,302.0441,301.6441,301.3441,299.1441,296.3441,294.6441,292.6441,299.8441,300.0441,299.9441,299.9441,300.0441,300.3441,300.4441,300.5441,300.3441,300.3441,300.74408,301.0441,301.0441,300.3441,300.3441,300.74408,301.0441,301.3441,301.24408,301.24408,301.4441,301.24408,301.1441,300.9441,300.74408,300.6441,300.8441,300.8441,300.8441,300.74408,300.4441,300.1441,300.5441,300.5441,300.4441,300.3441,300.24408,300.3441,301.0441,301.24408
301.0441,294.0441,291.1441,297.3441,296.3441,297.1441,296.74408,298.8441,298.8441,301.5441,301.0441,299.6441,298.9441,298.4441,301.74408,301.6441,301.1441,301.1441,301.6441,298.8441,294.6441,291.0441,299.9441,300.24408,299.9441,299.74408,299.74408,299.8441,300.1441,300.24408,300.0441,300.0441,300.24408,300.5441,300.24408,299.1441,299.0441,299.9441,300.4441,300.5441,300.5441,300.6441,300.74408,300.8441,300.6441,300.4441,300.24408,300.1441,300.4441,300.4441,300.3441,300.24408,300.24408,300.24408,300.4441,300.4441,300.24408,299.9441,299.3441,299.6441,300.6441,300.8441
296.4441,294.24408,294.1441,292.5441,291.4441,297.0441,295.3441,300.24408,297.8441,303.3441,301.74408,299.8441,298.6441,296.8441,296.3441,299.74408,301.0441,300.74408,300.6441,300.6441,294.3441,291.3441,299.3441,300.0441,299.8441,299.6441,299.4441,299.5441,299.8441,300.0441,299.6441,299.5441,299.4441,299.74408,299.74408,298.8441,298.4441,299.3441,299.74408,299.9441,300.0441,300.1441,300.1441,300.0441,299.9441,299.74408,299.6441,299.6441,299.74408,299.9441,299.8441,299.74408,299.9441,300.1441,299.74408,297.9441,299.5441,299.6441,299.3441,299.5441,300.1441,300.24408
296.74408,295.4441,296.6441,293.8441,293.24408,296.74408,296.0441,298.4441,299.6441,301.4441,302.24408,301.9441,299.24408,297.0441,296.9441,298.5441,303.0441,301.4441,297.6441,299.74408,295.9441,293.0441,294.5441,299.74408,299.74408,299.6441,299.4441,299.3441,299.5441,299.5441,299.24408,299.1441,299.0441,299.1441,299.24408,298.74408,298.3441,298.4441,298.74408,299.24408,299.4441,299.24408,299.1441,299.3441,299.4441,299.1441,299.0441,299.24408,299.1441,299.3441,299.3441,299.24408,299.3441,299.8441,289.3441,299.0441,299.24408,299.0441,299.0441,299.24408,299.74408,299.4441
293.24408,292.9441,295.9441,292.3441,291.24408,291.5441,292.74408,294.24408,298.4441,297.9441,298.3441,299.5441,301.6441,299.8441,299.3441,299.74408,300.5441,302.9441,300.5441,295.6441,293.0441,294.24408,291.4441,299.1441,299.1441,299.5441,299.6441,299.1441,299.0441,298.9441,298.74408,298.8441,298.9441,298.6441,298.4441,298.24408,298.1441,298.0441,298.0441,298.1441,298.5441,298.6441,298.3441,298.6441,298.9441,298.5441,298.5441,298.6441,298.5441,298.6441,298.8441,298.9441,298.8441,298.74408,298.8441,298.4441,298.6441,298.4441,298.3441,298.74408,298.9441,299.0441
291.5441,291.9441,293.24408,291.24408,291.6441,290.0441,289.9441,293.74408,296.24408,297.1441,296.4441,295.5441,296.0441,297.0441,297.8441,296.5441,298.3441,300.1441,302.24408,299.1441,294.4441,293.1441,296.0441,292.1441,294.6441,298.8441,298.5441,298.6441,298.6441,298.6441,298.3441,298.0441,298.24408,298.3441,297.8441,297.74408,297.8441,297.5441,297.24408,297.0441,297.6441,298.1441,298.1441,298.3441,298.3441,298.1441,298.24408,298.0441,297.8441,297.9441,298.24408,298.4441,298.3441,298.0441,297.8441,297.6441,297.5441,297.9441,298.1441,298.4441,298.4441,298.4441
290.24408,290.3441,289.1441,288.5441,289.0441,288.8441,289.74408,292.3441,291.8441,293.9441,294.1441,292.8441,294.1441,296.0441,296.5441,296.0441,295.9441,297.8441,299.3441,300.5441,299.4441,294.6441,292.5441,292.6441,291.4441,293.9441,298.1441,297.8441,298.4441,298.74408,298.3441,297.8441,297.74408,297.8441,297.5441,297.1441,297.5441,297.1441,296.5441,296.5441,296.6441,289.4441,297.6441,297.5441,297.74408,297.5441,297.5441,297.5441,297.4441,297.4441,297.6441,297.5441,297.5441,297.1441,297.1441,297.24408,297.1441,297.1441,297.0441,297.3441,297.8441,297.8441
