SuperMap iEarth/static/data/gfs.t18z.pgrb2.1p00.json
{"header": {"discipline":0,"disciplineName":"Meteorological products","gribEdition":2,"gribLength":78694,"center":7,"centerName":"US National Weather Service - NCEP(WMC)","subcenter":0,"refTime":"2021-10-13T18:00:00.000Z","significanceOfRT":1,"significanceOfRTName":"Start of forecast","productStatus":0,"productStatusName":"Operational products","productType":1,"productTypeName":"Forecast products","productDefinitionTemplate":0,"productDefinitionTemplateName":"Analysis/forecast at horizontal level/layer at a point in time","parameterCategory":2,"parameterCategoryName":"Momentum","parameterNumber":2,"parameterNumberName":"U-component_of_wind","parameterUnit":"m.s-1","genProcessType":2,"genProcessTypeName":"Forecast","forecastTime":0,"surface1Type":103,"surface1TypeName":"Specified height level above ground","surface1Value":10.0,"surface2Type":255,"surface2TypeName":"Missing","surface2Value":0.0,"gridDefinitionTemplate":0,"gridDefinitionTemplateName":"Latitude_Longitude","numberPoints":65160,"shape":6,"shapeName":"Earth spherical with radius of 6,371,229.0 m","gridUnits":"degrees","resolution":48,"winds":"true","scanMode":0,"nx":360,"ny":181,"basicAngle":0,"lo1":0.0,"la1":90.0,"lo2":359.0,"la2":-90.0,"dx":1.0,"dy":1.0}, "data":
[rows 78 to 103 of 181, columns 116 to 173 of 360]
3.941211,3.911211,3.3412108,4.571211,0.27121094,1.3712109,2.3512108,1.091211,3.0912108,-0.29878905,-0.27878907,0.12121094,-0.57878906,1.7912109,3.5912108,1.3912109,0.54121095,0.8912109,0.7012109,1.181211,0.111210935,-0.07878906,0.49121094,1.6712109,2.0712109,2.521211,2.8612108,3.371211,3.441211,3.521211,3.5812109,2.681211,1.3812109,1.1612109,0.6912109,-1.638789,-3.278789,4.531211,-0.64878905,-1.2287891,-0.6687891,-0.51878905,-0.65878904,-0.41878906,-0.64878905,-1.188789,-0.9987891,-1.298789,-0.7487891,-2.238789,-1.398789,-1.3387891,-0.59878904,-0.25878906,-2.588789,-3.1787891,-3.608789,-4.208789
2.931211,3.421211,4.4612107,3.481211,-0.018789062,1.111211,-1.8487891,2.3312109,0.22121094,0.5212109,-1.678789,-0.19878906,0.8912109,4.531211,5.551211,2.141211,2.011211,0.7012109,1.851211,2.411211,1.861211,0.04121094,0.87121093,1.4212109,2.451211,3.141211,3.391211,3.791211,2.891211,3.651211,2.721211,2.3112109,1.1512109,1.2512109,-0.04878906,-0.46878907,-1.538789,-1.4787891,-1.9787891,-2.628789,-2.818789,-1.8287891,-1.3587891,-2.218789,-2.1887891,-1.938789,-1.2087891,-1.308789,-1.5787891,-1.1287891,-0.58878905,-0.82878906,-0.058789063,-0.48878905,-3.028789,-3.338789,-3.378789,-2.788789
2.751211,3.161211,3.0512109,0.6312109,2.791211,2.271211,-0.38878906,0.35121095,-0.8087891,-1.7487891,-0.9887891,-0.84878904,-0.58878905,1.5412109,4.181211,4.6912107,3.881211,0.72121096,1.451211,3.031211,4.611211,2.191211,2.211211,1.611211,2.281211,3.251211,4.451211,3.971211,3.521211,3.171211,2.711211,1.5512109,0.80121094,1.0412109,-0.40878907,-1.568789,-1.168789,-2.378789,-3.4287891,-2.6787891,-2.328789,-2.758789,-2.478789,-2.498789,-2.598789,-2.1887891,-1.6187891,-1.648789,-1.4687891,-0.69878906,-0.47878906,-0.9987891,-0.058789063,-0.11878906,-1.2587891,-2.838789,-2.338789,-2.9487891
2.781211,1.4012109,1.351211,0.12121094,-0.68878907,-0.89878905,-0.36878908,-0.028789062,0.84121096,-0.6087891,0.99121094,-0.81878906,0.051210936,1.441211,2.5812109,1.0112109,1.3012109,0.39121094,0.8212109,3.511211,4.081211,5.7112107,4.241211,4.541211,4.151211,4.831211,5.671211,4.391211,3.171211,2.781211,2.741211,1.6612109,0.68121094,0.5112109,-1.7587891,-1.7187891,-2.6487892,-2.9087892,-4.298789,-3.1587892,-3.258789,-2.6487892,-2.508789,-3.038789,-3.6387892,-3.068789,-1.9987891,-1.318789,-0.64878905,-0.81878906,-0.63878906,-0.9287891,-0.82878906,0.56121093,-0.6087891,-1.5987891,-1.418789,-1.148789
1.4212109,0.0012109375,-1.438789,-1.2387891,-0.93878907,-0.108789064,-0.9987891,-0.26878905,-1.6087891,1.4112109,0.41121092,-0.17878906,-1.018789,1.6612109,2.491211,0.25121093,0.8812109,1.1412109,1.481211,2.291211,4.031211,5.251211,5.781211,6.7312107,6.551211,6.831211,5.511211,4.771211,3.161211,2.641211,2.8012109,1.3012109,0.8312109,0.021210937,-2.808789,-1.7387891,-3.4487891,-3.548789,-3.368789,-3.068789,-3.538789,-3.328789,-3.1487892,-3.228789,-3.588789,-3.4187891,-2.218789,-1.1287891,-1.2387891,-1.038789,-0.45878905,-0.11878906,-0.78878903,0.12121094,0.26121095,-1.3787891,-0.51878905,-0.47878906
-0.45878905,-2.038789,-2.868789,-2.548789,-1.5987891,-0.5587891,0.19121094,0.99121094,-1.528789,-0.53878903,-0.6087891,-1.268789,-1.418789,0.7012109,2.451211,1.5512109,0.15121093,0.41121092,2.0612109,1.9012109,3.3112109,3.921211,6.2112107,7.081211,6.9812107,6.581211,6.9412107,5.611211,2.961211,2.701211,2.481211,0.87121093,-0.22878906,-0.9187891,-2.9487891,-3.358789,-2.748789,-3.768789,-3.838789,-3.9487891,-3.9187891,-4.178789,-3.998789,-3.8987892,-3.718789,-3.078789,-3.208789,-2.348789,-2.628789,-1.8387891,-0.9987891,-0.6087891,-0.46878907,-0.36878908,0.44121093,0.08121094,0.111210935,-0.68878907
-1.938789,0.61121094,-0.49878907,-2.258789,-2.478789,-0.34878907,-0.59878904,0.5112109,1.091211,1.0512109,-2.068789,-2.618789,-1.4487891,-0.18878907,0.27121094,-0.46878907,0.8212109,-0.108789064,2.3512108,2.0812109,2.881211,3.8312109,5.291211,5.861211,6.971211,6.551211,7.531211,5.081211,3.541211,2.431211,1.101211,-0.31878906,-0.8687891,-3.1587892,-3.348789,-3.4487891,-3.1587892,-4.588789,-4.618789,-4.828789,-4.758789,-4.348789,-4.378789,-4.668789,-4.458789,-3.748789,-3.808789,-3.6587892,-3.1387892,-2.838789,-2.128789,-1.1287891,-1.818789,-1.7287891,-1.4687891,-1.1087891,-0.70878905,-1.778789
-0.64878905,0.28121093,0.6412109,-1.168789,-2.498789,-2.108789,-1.0787891,-1.058789,-0.71878904,-1.788789,-1.5987891,-1.408789,-1.0087891,-0.30878907,-0.21878906,-0.57878906,-0.12878907,0.17121094,1.7812109,1.951211,2.911211,4.171211,4.341211,4.651211,5.531211,6.131211,5.991211,3.3212109,1.6612109,1.351211,-1.0787891,-1.2187891,-1.418789,-4.978789,-3.6987891,-3.218789,-3.718789,-4.2687893,-4.158789,-4.488789,-4.908789,-4.8087893,-4.818789,-5.468789,-4.7887893,-4.398789,-4.488789,-4.438789,-3.758789,-3.488789,-3.4087892,-3.9287891,-3.718789,-3.1387892,-2.498789,-3.6487892,-2.4387891,-1.9787891
0.86121094,0.54121095,-2.4187891,-3.8987892,-3.608789,-2.998789,-2.518789,-2.1587892,-1.318789,-1.688789,-0.44878906,-0.39878905,0.34121093,-0.038789064,-0.45878905,0.41121092,0.30121094,0.44121093,2.001211,2.151211,2.641211,3.211211,2.951211,3.3312109,4.131211,4.841211,3.8612108,1.851211,0.73121095,0.23121093,-1.308789,-2.318789,-2.508789,-4.338789,-3.308789,-3.378789,-3.8887892,-4.078789,-4.438789,-4.378789,-4.888789,-5.048789,-4.968789,-5.488789,-5.118789,-4.448789,-5.0387893,-5.208789,-4.238789,-4.198789,-4.098789,-4.208789,-4.588789,-4.428789,-3.618789,-4.238789,-4.258789,-3.988789
0.7512109,0.45121095,-1.4987891,-4.138789,-3.9187891,-3.4487891,-3.728789,-3.288789,-1.9987891,-1.4987891,-1.3287891,-0.89878905,-0.038789064,0.13121094,0.27121094,-0.52878904,-0.018789062,0.33121094,0.60121095,1.611211,1.6412109,2.161211,2.261211,2.6112108,3.371211,3.1012108,2.3612108,0.44121093,-0.04878906,0.071210936,-0.9187891,-3.1787891,-2.368789,-4.7687893,-4.028789,-3.588789,-3.9187891,-4.578789,-5.258789,-4.298789,-4.478789,-4.848789,-5.098789,-4.948789,-5.278789,-4.998789,-5.468789,-5.2887893,-5.208789,-4.698789,-4.918789,-4.668789,-4.618789,-4.8087893,-4.868789,-4.858789,-4.408789,-4.188789
-0.57878906,0.53121096,-1.9887891,-4.418789,-5.098789,-3.628789,-3.098789,-3.278789,-2.558789,-2.088789,-0.32878906,-0.19878906,0.66121095,-1.3587891,-0.29878905,-0.9187891,-1.028789,-0.88878906,-0.71878904,-0.12878907,0.87121093,1.091211,2.181211,3.161211,2.871211,0.8212109,0.34121093,-0.19878906,-0.42878905,-0.76878905,-1.7287891,-3.708789,-3.078789,-5.438789,-3.828789,-3.4487891,-4.128789,-4.608789,-5.0587893,-4.168789,-4.398789,-5.0187893,-4.858789,-4.938789,-5.118789,-5.178789,-5.688789,-5.648789,-5.598789,-5.408789,-4.688789,-4.638789,-4.598789,-4.928789,-5.2687893,-5.048789,-4.888789,-4.978789
-0.27878907,0.15121093,0.27121094,-1.4987891,-4.578789,-1.018789,0.5112109,-0.59878904,-0.34878907,1.071211,0.071210936,-0.52878904,-1.3487891,-1.4487891,-2.1587892,-1.548789,-1.518789,-0.78878903,-0.53878903,-0.33878908,-0.34878907,0.16121094,0.7712109,2.541211,1.701211,-0.76878905,-0.83878905,-0.82878906,-1.438789,-1.038789,-2.8887892,-4.218789,-3.098789,-5.258789,-3.4187891,-4.118789,-4.0187893,-4.598789,-4.868789,-4.178789,-4.618789,-5.208789,-5.158789,-5.208789,-5.3087893,-4.908789,-5.338789,-5.708789,-5.798789,-5.098789,-5.198789,-4.838789,-5.068789,-5.528789,-5.248789,-4.758789,-4.908789,-4.958789
-0.6687891,-0.41878906,-1.2287891,-0.14878906,-0.30878907,-2.3987892,-4.298789,-3.968789,-0.038789064,0.42121094,-1.388789,-0.07878906,-0.8687891,-1.408789,-2.1687891,-0.81878906,-1.9687891,-0.50878906,0.5712109,-0.77878904,-1.268789,-0.18878907,-0.51878905,-0.45878905,-0.35878906,-1.4787891,-1.168789,-1.548789,-1.8787891,-2.368789,-3.038789,-3.528789,-4.988789,-5.158789,-4.158789,-4.408789,-3.998789,-3.978789,-4.598789,-4.478789,-4.848789,-5.088789,-5.488789,-5.958789,-5.608789,-5.188789,-5.148789,-5.318789,-4.798789,-4.778789,-4.988789,-4.848789,-5.478789,-6.008789,-5.688789,-4.988789,-4.918789,-4.5387893
-0.6187891,0.8912109,-0.40878907,0.09121094,-0.58878905,0.49121094,-0.42878905,1.971211,0.22121094,-0.59878904,-1.9787891,-0.068789065,-0.6687891,0.6312109,0.09121094,0.29121095,-0.49878907,-0.6087891,1.691211,-0.44878906,-0.41878906,-1.058789,-0.8687891,-0.7987891,-2.1787891,-2.4487891,-1.808789,-1.928789,-2.4287891,-2.758789,-3.798789,-3.6687891,-4.138789,-5.2887893,-4.3087893,-4.508789,-4.478789,-3.8987892,-4.2887893,-4.5387893,-4.658789,-4.918789,-5.258789,-6.2887893,-5.748789,-5.128789,-5.0387893,-4.928789,-4.738789,-4.418789,-4.418789,-4.638789,-5.168789,-5.548789,-5.978789,-5.5387893,-4.708789,-4.458789
0.23121093,-0.7987891,-0.70878905,-3.1387892,-0.45878905,0.59121096,2.181211,1.3912109,-1.0787891,-0.78878903,-0.62878907,-0.37878907,-1.4987891,-0.068789065,-0.32878906,1.231211,1.2812109,0.43121094,-0.46878907,0.6312109,-1.428789,-2.548789,-0.44878906,0.66121095,-2.6887891,-2.6787891,-2.618789,-2.128789,-2.128789,-2.338789,-3.1487892,-2.058789,-3.278789,-5.598789,-5.0187893,-4.828789,-4.278789,-3.708789,-2.9287891,-4.468789,-5.3087893,-4.628789,-4.838789,-5.388789,-5.158789,-5.568789,-5.298789,-4.568789,-4.5187893,-4.008789,-4.2687893,-4.228789,-4.188789,-4.598789,-4.998789,-4.958789,-4.248789,-4.108789
0.7012109,0.24121094,-3.538789,-0.38878906,1.3012109,-0.71878904,0.37121093,-0.93878907,-3.018789,-3.808789,-3.078789,-0.42878905,-2.008789,0.071210936,0.5012109,1.7612109,-1.0987891,0.66121095,-1.1087891,1.2712109,-1.438789,0.16121094,0.99121094,1.0212109,0.20121093,-0.50878906,0.36121094,-2.478789,-2.368789,-1.818789,-1.5787891,-2.968789,-2.4287891,-2.1387892,-5.438789,-4.648789,-4.638789,-3.818789,-3.498789,-3.368789,-4.738789,-4.858789,-4.998789,-4.328789,-4.2687893,-5.108789,-5.258789,-4.978789,-3.758789,-3.6487892,-3.858789,-3.6587892,-3.288789,-3.268789,-4.108789,-4.348789,-3.3887892,-2.608789
-1.2587891,0.10121094,0.7012109,2.161211,0.53121096,-0.068789065,0.09121094,-1.3587891,-3.1387892,-3.6887891,-2.078789,-2.058789,0.47121093,0.9412109,-0.33878908,-0.7387891,-0.47878906,0.111210935,-0.27878907,-0.53878903,0.111210935,0.6312109,0.061210938,-0.29878905,0.53121096,0.5212109,-0.33878908,-0.93878907,-0.15878907,-1.678789,-0.47878906,-0.65878904,-1.2587891,-1.3487891,-1.638789,-3.828789,-4.258789,1.361211,-3.6587892,-2.8887892,-3.298789,-4.388789,-4.328789,-4.2887893,-2.098789,-4.228789,-5.048789,-4.358789,-4.108789,-3.108789,-3.1487892,-3.018789,-2.6387892,-2.4287891,-2.6387892,-2.798789,-2.478789,-0.94878906
-1.8587891,0.061210938,-0.21878906,-4.048789,0.6912109,-3.4087892,-4.048789,-2.818789,-4.358789,-4.698789,-4.498789,-2.958789,-1.5887891,-2.538789,-1.8587891,-1.0787891,-1.7287891,-2.538789,-3.368789,-1.918789,-1.288789,-0.58878905,-0.88878906,0.31121093,-0.71878904,-0.6087891,-0.18878907,-0.40878907,-0.58878905,-0.38878906,0.5112109,0.47121093,-0.11878906,-1.058789,-1.068789,1.931211,1.471211,-3.098789,-4.568789,-3.808789,-3.028789,-4.178789,-3.268789,-3.608789,-1.5987891,-3.518789,-5.478789,-3.738789,-3.8887892,-2.558789,-2.098789,-1.6087891,-1.5887891,-1.3687891,-1.408789,-1.678789,-1.3387891,-1.2487891
-1.818789,-1.8687891,-1.538789,-2.6887891,-3.308789,-4.028789,-3.858789,-4.338789,-5.048789,-4.998789,-4.618789,-2.778789,-2.798789,-1.928789,-1.7087891,-2.3987892,-2.828789,-2.4287891,-3.018789,-2.218789,-1.318789,-0.07878906,1.101211,-0.7487891,-0.53878903,-0.0087890625,0.8812109,-0.23878907,1.091211,-0.038789064,0.19121094,0.60121095,1.681211,-0.18878907,0.53121096,0.111210935,-5.0587893,-3.708789,-4.218789,-0.93878907,-0.77878904,-3.048789,-2.538789,-2.798789,-2.528789,-2.798789,-3.128789,-4.108789,-2.838789,-1.8487891,-1.528789,-0.018789062,-0.56878906,-0.5487891,0.16121094,-0.028789062,-0.52878904,-1.2387891
0.80121094,-0.45878905,-0.95878905,-2.508789,-0.21878906,-3.208789,-4.718789,-4.0387893,-4.658789,-4.928789,-5.0387893,-1.928789,-2.338789,-1.788789,-1.568789,-2.078789,-2.328789,-2.128789,-2.3887892,-2.118789,-1.3787891,-0.32878906,-0.9887891,-1.1087891,-0.9787891,-0.30878907,0.43121094,-0.48878905,1.1412109,0.10121094,0.62121093,1.0112109,0.59121096,-1.4587891,-1.8487891,-3.1487892,-3.008789,-1.678789,0.04121094,0.08121094,-2.348789,-0.49878907,-2.298789,-2.238789,-2.528789,-3.248789,-2.6887891,-3.048789,-1.4887891,-0.44878906,0.031210937,1.221211,1.1312109,0.65121096,0.86121094,0.5212109,0.39121094,-1.668789
0.7512109,-0.31878906,1.681211,1.201211,-0.32878906,-1.1087891,-3.068789,0.011210937,-0.56878906,-2.358789,-3.708789,-3.108789,-1.558789,-1.438789,-1.278789,-2.478789,-2.208789,-1.9487891,-2.078789,-1.768789,-1.388789,-1.658789,-0.84878904,-0.5487891,-1.3587891,-1.158789,-0.52878904,-0.7287891,-2.248789,-0.6687891,0.19121094,-0.18878907,0.80121094,-1.068789,-1.2187891,-2.088789,-1.6287891,-1.4487891,-1.428789,-3.548789,-2.6887891,-1.668789,-2.058789,-1.158789,-0.84878904,-1.898789,-2.1787891,-1.8687891,-1.0087891,0.071210936,1.7812109,1.931211,1.2512109,0.5112109,0.66121095,0.33121094,-1.3787891,-1.678789
-1.658789,-0.6187891,-0.26878905,0.74121094,-6.128789,-1.428789,2.751211,3.671211,2.121211,0.16121094,0.18121094,-1.518789,-1.288789,-1.808789,-1.688789,-0.64878905,-1.2487891,-1.518789,-1.7487891,-2.1387892,-2.1487892,-2.6787891,-3.1387892,-4.778789,-7.348789,-2.1587892,-1.778789,-1.918789,-4.468789,-4.478789,-4.098789,0.22121094,0.5212109,0.021210937,-0.7387891,-0.14878906,-0.29878905,-1.158789,-2.798789,-0.6787891,-0.62878907,-2.588789,-0.24878906,-1.8487891,-0.9287891,-0.33878908,-0.9987891,-1.4887891,-0.25878906,0.92121094,1.601211,1.1612109,0.91121095,-0.32878906,-0.75878906,-2.268789,-2.758789,-2.228789
-1.038789,-1.4887891,-1.288789,-2.588789,-0.84878904,0.46121094,-1.048789,-1.888789,-0.84878904,-1.788789,-1.4987891,-1.1987891,-0.71878904,-1.4987891,-1.298789,-0.18878907,-0.028789062,-1.028789,-0.77878904,-2.068789,-2.048789,-2.9187891,-4.5387893,-5.568789,-7.078789,-6.968789,-5.0387893,-5.168789,-5.418789,-5.5587893,-5.528789,-6.298789,-0.93878907,0.21121094,0.43121094,-1.528789,-1.6187891,-2.268789,-2.078789,-0.9187891,-0.22878906,-0.75878906,-0.25878906,0.19121094,0.6312109,0.47121093,0.08121094,0.53121096,0.84121096,2.401211,1.8712109,1.8812109,-0.13878906,-1.8687891,-3.488789,-3.108789,-4.108789,-4.758789
-1.268789,-1.2587891,-1.0987891,-1.4987891,-1.2387891,-0.8087891,-1.298789,-1.798789,-2.6887891,-2.478789,-1.4987891,-0.7387891,0.12121094,-0.27878907,0.42121094,0.68121094,0.33121094,0.56121093,-0.8587891,-1.298789,-1.4887891,-2.098789,-3.228789,-4.118789,-3.4287891,-3.1887891,-5.358789,-3.6887891,-2.9387891,-6.428789,-6.348789,-6.388789,-6.178789,-5.918789,-5.658789,-5.0587893,-4.2687893,-3.3987892,-2.998789,-1.888789,-1.1987891,-0.32878906,1.071211,2.221211,2.751211,2.651211,1.321211,2.181211,2.001211,2.871211,2.521211,1.331211,0.81121093,-1.798789,-3.468789,-3.798789,-4.758789,-5.698789
-2.118789,-0.76878905,-0.7987891,-0.8687891,-0.12878907,-0.23878907,-0.028789062,0.55121094,0.5112109,-0.56878906,-0.6687891,0.71121097,1.331211,1.711211,2.161211,3.8312109,2.221211,0.22121094,1.2412109,-0.18878907,0.54121095,0.74121094,-1.638789,-1.8387891,-0.42878905,-2.808789,-2.808789,-1.3387891,-2.578789,-5.2887893,-6.2887893,-6.448789,-6.618789,-6.218789,-5.828789,-5.428789,-4.838789,-4.158789,-3.348789,-3.348789,-1.8487891,-0.75878906,1.1712109,2.8512108,3.421211,3.901211,3.5912108,2.691211,2.3112109,2.491211,2.8212109,2.721211,1.7812109,0.031210937,-2.968789,-4.348789,-5.248789,-7.108789
-1.3687891,-1.428789,0.021210937,0.60121095,1.111211,1.0312109,2.281211,1.681211,0.9512109,1.5112109,2.461211,3.5612109,3.8412108,2.8312109,3.5712109,1.721211,0.24121094,0.49121094,1.461211,1.101211,0.59121096,1.9212109,0.32121095,-1.188789,0.40121093,-1.638789,-1.138789,-0.83878905,-1.888789,-3.538789,-5.618789,-5.388789,-6.488789,-5.708789,-5.358789,-4.948789,-4.458789,-4.348789,-3.4487891,-2.728789,-2.4387891,-1.4987891,-0.24878906,0.71121097,2.6112108,4.181211,4.851211,3.5812109,3.3512108,2.621211,2.881211,3.291211,3.511211,1.0512109,-1.8787891,-3.098789,-6.738789,-5.048789
