SuperMap iEarth/static/data/gfs.t18z.pgrb2.1p00.json
{"header": {"discipline":0,"disciplineName":"Meteorological products","gribEdition":2,"gribLength":79063,"center":7,"centerName":"US National Weather Service - NCEP(WMC)","subcenter":0,"refTime":"2021-10-13T18:00:00.000Z","significanceOfRT":1,"significanceOfRTName":"Start of forecast","productStatus":0,"productStatusName":"Operational products","productType":1,"productTypeName":"Forecast products","productDefinitionTemplate":0,"productDefinitionTemplateName":"Analysis/forecast at horizontal level/layer at a point in time","parameterCategory":2,"parameterCategoryName":"Momentum","parameterNumber":3,"parameterNumberName":"V-component_of_wind","parameterUnit":"m.s-1","genProcessType":2,"genProcessTypeName":"Forecast","forecastTime":0,"surface1Type":103,"surface1TypeName":"Specified height level above ground","surface1Value":10.0,"surface2Type":255,"surface2TypeName":"Missing","surface2Value":0.0,"gridDefinitionTemplate":0,"gridDefinitionTemplateName":"Latitude_Longitude","numberPoints":65160,"shape":6,"shapeName":"Earth spherical with radius of 6,371,229.0 m","gridUnits":"degrees","resolution":48,"winds":"true","scanMode":0,"nx":360,"ny":181,"basicAngle":0,"lo1":0.0,"la1":90.0,"lo2":359.0,"la2":-90.0,"dx":1.0,"dy":1.0}, "data":
[rows 52 to 77 of 181, columns 290 to 347 of 360]
-2.1687477,-0.40874755,0.04125244,0.25125244,0.31125244,-0.6887476,-2.6387475,-3.2587476,-4.0887475,-4.4587474,-5.0787477,-6.308748,-6.6487474,-6.8387475,-7.1787477,-7.4287477,-7.1587477,-7.6787477,-9.688747,-10.278748,-11.008747,-11.738748,-10.3187475,-8.378748,-7.3887477,-3.6687477,-0.37874755,1.3412524,6.3112526,6.461252,4.2912526,4.7012525,6.1712523,5.3812523,4.8112526,5.8212523,5.4212523,6.1312523,7.8612523,8.161252,7.4212523,6.6512523,7.1712523,6.8012524,6.5912523,6.2512527,2.9512525,1.0112524,2.9312525,4.6412525,5.8212523,5.5812526,3.8412523,0.6112524,-1.0787475,-2.6787477,-1.0287476,-2.8287475
-0.98874754,1.2112525,1.6312524,1.1412524,0.22125244,-0.38874757,-0.98874754,-1.5587475,-3.7687476,-5.1287475,-6.1487474,-6.558748,-6.6187477,-6.7187476,-7.3287477,-6.6387477,-7.1287475,-7.9287477,-9.398747,-10.488748,-11.048748,-9.138747,-8.128748,-5.1687474,-0.8787476,-1.1587476,0.09125244,3.0012524,3.9812524,4.191252,3.2812524,5.7612524,8.491253,7.2812524,6.5012527,6.6712523,6.191252,8.381252,8.631252,7.3312526,8.021253,7.6612525,6.5112524,6.5512524,5.7412524,4.8212523,2.9612525,3.1012526,3.5312524,3.6212525,4.1012526,3.2612524,3.3312523,0.52125245,-1.0787475,-2.7487476,-3.5287476,-2.9787476
-1.4687476,-0.20874757,3.8212523,4.3712525,4.2612524,1.3112525,1.1112524,-1.1187476,-2.4987476,-4.5787477,-4.4287477,-5.7687473,-5.9687476,-6.9387474,-6.0487475,-5.9087477,-6.2687473,-7.7587476,-8.988748,-8.828748,-8.428747,-6.058748,-4.4987473,-2.2187476,-0.77874756,-1.6187476,-0.64874756,-0.18874756,1.0612525,3.7112525,5.3512526,7.6112523,7.5412526,6.6612525,5.9112525,7.7712526,8.921252,8.6812525,9.611253,7.8212523,6.8612523,6.4712524,5.7912526,6.2712526,5.4012523,4.3412523,3.6612525,3.1412525,2.9612525,2.4812524,2.4712524,1.8712524,2.7712524,0.71125245,-1.6387476,-2.8087475,-4.0987477,-3.8787475
1.4912524,2.4512525,-0.078747556,-0.9387476,-1.0787475,1.1712525,0.42125243,0.05125244,-1.8187475,-3.2487476,-3.8087475,-3.4687476,-4.2987475,-3.9387476,-4.3987474,-5.4187474,-5.7187476,-5.8787475,-6.2487473,-5.288748,-6.7687473,-4.9187474,-2.9587476,-3.3187475,-3.9187477,-3.6887476,-3.4487476,-3.3787475,-0.53874755,-0.6987476,4.461252,4.8512526,7.4112525,7.3712525,10.031253,9.9312525,10.211252,7.8312526,4.3612523,6.3712525,4.8812523,4.0712523,8.761252,7.9012523,8.171252,6.9212523,5.461252,3.9012525,2.6312525,1.1912525,2.6412525,0.42125243,0.07125244,-0.79874754,-2.6287475,-3.2387476,-4.1387477,-4.2087474
-1.1287476,2.4412525,0.24125244,-0.78874755,-1.7587476,-2.2087476,1.2512524,0.98125243,0.58125246,-1.5687475,-3.6187475,-4.2287474,-4.6287475,-5.0087476,-4.0487475,-4.1887474,-4.788748,-4.9187474,-4.3487477,-4.0487475,-5.0687475,-3.6887476,-4.2787476,-5.3987474,-6.2687473,-6.2587476,-5.9587474,-4.9887476,-6.5787477,5.4312525,9.401253,9.921252,11.261252,11.671252,8.821253,7.4312525,2.6912525,2.9312525,5.0012527,6.2412524,4.3712525,5.2512527,8.981253,8.741253,8.551252,6.8012524,5.7512527,3.8512526,3.0412524,2.7612524,1.1312524,1.3412524,0.22125244,-1.3287475,-3.2887475,-3.8087475,-5.1387477,-5.4687476
1.6312524,1.5512525,0.84125245,0.53125244,0.30125245,-0.6287476,-0.7487476,-2.1387475,0.5512524,-0.76874757,-2.3487475,-3.9087477,-4.4387474,-4.7287474,-4.3787475,-3.1487474,-3.9087477,-4.6987476,-4.6687474,-4.4887476,-5.2587476,-5.558748,-5.6087475,-7.7987475,-7.7387476,-8.3187475,-8.658748,-7.1487474,3.1012526,5.3912525,6.3612523,5.9112525,11.071253,9.551252,7.191252,5.9512525,7.1712523,6.4112525,7.6312523,6.0412526,4.9512525,5.0312524,6.1112523,7.9912524,7.941252,6.5112524,5.461252,4.3212523,2.8712525,2.0012524,0.5612524,0.57125247,-1.3687476,-2.2587476,-4.6587477,-4.8387475,-5.7587476,-6.9687476
0.8612524,1.0512525,0.71125245,-0.078747556,-0.21874756,-0.16874756,-1.3087475,-1.9687476,-3.2287476,-4.2587476,-3.4587476,-2.8987474,-4.8187475,-5.288748,-4.9187474,-2.5487475,-1.1287476,-3.7887475,-4.7787476,-4.4487476,-4.9187474,-5.9687476,-7.6787477,-8.398747,-9.6087475,-10.528748,-8.258747,-3.7587476,4.9312525,7.7012525,9.501252,11.701252,13.361253,11.461252,8.401253,9.981253,9.361253,8.761252,7.7312527,5.8112526,3.8812525,4.6112523,5.7012525,6.5912523,5.961252,6.6712523,5.3512526,4.3212523,3.6512525,1.8512524,0.42125243,-0.67874753,-2.6687477,-1.7887475,-4.4487476,-5.288748,-6.5187473,-6.7487473
0.12125244,0.17125244,0.44125244,0.85125244,-0.078747556,-0.8187476,-0.61874753,-1.2787476,-2.6287475,-2.9787476,-3.6387475,-4.288748,-5.2387476,-5.4487476,-4.8187475,-3.5687475,-0.86874753,-0.13874756,-3.6987476,-5.3887477,-5.8287477,-6.5087476,-7.2687473,-9.368748,-9.878748,-10.638747,-3.1087475,4.7312527,8.661252,10.361253,10.401253,11.291252,12.211252,9.201252,9.211252,10.051252,9.151253,9.241253,7.8912525,5.0812526,3.8612525,2.9112525,5.4512525,4.5612526,6.5912523,6.8912525,5.0212526,4.1712523,2.2612524,-0.008747559,-1.5487475,-2.3687475,-2.7387476,-3.4787476,-4.8987474,-6.0187473,-7.058748,-7.1187477
2.1412525,2.4812524,3.9312525,3.8812525,2.6912525,1.9512525,1.2212524,-0.9387476,-1.7387476,-1.8587476,-2.4487476,-3.9287477,-3.7487476,-3.7987475,-3.8087475,-3.4787476,-4.4687476,-2.9287477,-1.9687476,-4.8787475,-6.2587476,-6.2387476,-7.558748,-8.148747,-7.4687476,-2.7387476,2.4912524,4.7512527,8.8912525,9.861253,9.441253,10.511252,10.101253,9.621252,9.221252,8.221252,7.6512523,8.161252,7.3212523,5.3212523,2.4712524,2.1812525,4.2612524,3.7312524,6.7712526,6.3012524,4.6712523,3.7712524,1.2312524,-0.89874756,-2.4887476,-3.4887476,-3.8387475,-3.3487475,-5.308748,-6.6387477,-6.7387476,-7.5987477
3.7912524,2.8812525,2.5212524,-0.47874755,0.25125244,0.5512524,-0.04874756,-1.4287475,-1.0687475,-1.7987475,-2.1587477,-2.8087475,-3.3687475,-3.1987476,-3.1587477,-3.7887475,-4.1887474,-4.6587477,-4.3687477,-4.1787477,-5.2287474,-6.0687475,-6.0687475,-6.6187477,-5.3187475,-2.1887476,0.51125246,4.3012524,8.321253,9.531253,9.131252,8.511252,9.071253,8.991253,8.1812525,7.7312527,5.961252,5.5012527,5.4212523,4.0812526,2.1812525,2.4812524,3.9212525,2.6712525,6.0412526,5.0912523,3.6012526,1.6612525,0.20125245,-1.3987476,-3.5087476,-3.8887475,-3.5187476,-3.2587476,-4.9687476,-6.0787477,-6.7187476,-7.0687475
-0.028747559,2.0112524,-0.18874756,0.89125246,2.8912525,0.53125244,0.78125244,-0.91874754,-0.8887476,-1.5987476,-2.2387476,-2.3787475,-2.8087475,-3.4987476,-3.8087475,-3.4987476,-3.8787475,-4.7987475,-5.0687475,-4.8787475,-4.6787477,-4.9187474,-4.3987474,-4.6587477,-3.6087475,-0.5687476,2.4512525,6.2412524,7.1812525,7.6612525,7.5012527,7.6012526,7.6612525,7.5812526,7.6412525,6.8312526,5.1812525,5.1212525,5.2812524,4.3012524,1.5012524,4.0412526,2.0212524,2.1312525,4.7812524,3.2912524,1.8812524,0.37125245,-0.92874753,-2.4087477,-3.7687476,-4.7587476,-4.9587474,-2.9587476,-9.678747,-7.038748,-4.808748,-5.4387474
-1.1287476,0.11125244,-3.6587477,1.3512524,1.4612525,3.3412523,2.0712523,2.3112524,2.3212523,0.91125244,-0.78874755,-1.0087476,-1.3887476,-1.8587476,-1.4387475,-2.7887475,-2.6387475,-3.2487476,-3.9987476,-4.0987477,-4.3687477,-4.1387477,-3.3287475,-2.2387476,-0.10874756,2.3112524,4.0712523,6.0112524,6.8412523,6.6112523,6.711252,6.6812525,7.0212526,6.7612524,6.6212525,5.9812527,5.461252,5.5612526,4.691252,3.6612525,1.8112525,2.2712524,1.3812524,1.7212524,3.0212524,1.5812525,0.6112524,-1.3687476,-2.2987475,-3.6087475,-3.2087476,-4.4287477,-2.0687475,-3.6387475,-4.3987474,-7.4387474,-6.038748,-7.1687474
-3.1187475,5.961252,1.1212524,5.5312524,2.7012525,3.3212523,4.3812523,2.3512526,0.69125247,0.021252442,-0.05874756,-1.2287476,-1.1787475,-2.5587475,-2.2087476,-2.7287476,-3.0187476,-2.8587475,-3.8287475,-3.6687477,-3.6987476,-2.7687476,-1.5687475,0.59125245,1.7812524,3.2512524,4.7012525,5.5312524,5.691252,6.5912523,5.6612525,5.5012527,6.1212525,5.5112524,6.1712523,5.9012523,5.1012526,4.1512523,3.8212523,2.6312525,1.0312524,0.47125244,0.6812524,3.1312525,1.9312525,0.76125246,-0.84874755,-2.9887476,-3.8287475,-3.2987475,-3.0087476,-3.1287475,-4.9387474,-4.8987474,-6.4387474,-7.7587476,-7.3487477,-4.7687473
4.6312523,7.0712523,5.941252,7.2612524,4.691252,3.7712524,1.9612525,3.7512524,2.7812524,1.6212524,0.9312524,0.28125244,-0.8887476,-0.8187476,-2.0187476,-2.0387475,-1.8387475,-2.3187475,-1.3487476,-1.2387476,-0.6287476,-0.7487476,0.38125244,2.1412525,3.0312524,3.6112525,4.2612524,4.3212523,3.9112525,4.6112523,5.2312527,4.7412524,4.9512525,5.6612525,5.0812526,5.0612526,4.3412523,3.7412524,2.7812524,1.4312525,0.73125243,0.06125244,1.1912525,1.1412524,-0.6287476,-0.98874754,-2.0187476,-3.1487474,-4.4487476,-4.1987476,-4.1387477,-4.2587476,-4.7987475,-6.7387476,-7.3987474,-10.498748,-5.1987476,-5.3187475
2.4712524,6.3212523,8.441253,6.3912525,6.4512525,6.3012524,5.0012527,4.6712523,3.6612525,2.2012525,1.4412525,1.2712524,1.5012524,1.0312524,-0.28874755,-1.2887475,-1.6087476,-1.1387476,-0.48874757,-0.44874755,-0.11874756,0.5612524,0.95125246,1.9312525,2.1612525,2.0612524,2.5012524,2.3112524,1.9712524,4.2712526,3.5312524,3.8412523,4.2812524,4.3112526,4.941252,4.2712526,4.0112524,2.8412523,1.9512525,1.0512525,0.34125245,-0.72874755,-0.59874755,-0.73874754,-1.5387475,-1.7387476,-2.9087477,-3.9887476,-4.3287477,-3.5787475,-3.9487476,-4.6487474,-6.5187473,-6.5687475,-7.3987474,-6.8987474,-4.8387475,-5.2587476
-0.03874756,5.0312524,5.3712525,5.4312525,5.6612525,5.3712525,5.1412525,4.8812523,4.5712523,4.5012527,3.2012525,1.5412525,1.1812525,0.19125244,0.23125245,-0.14874756,-1.4287475,-0.77874756,-0.79874754,-0.40874755,0.021252442,-0.05874756,0.84125245,1.0012524,1.6912525,1.0212524,1.2612524,1.4312525,2.1112525,2.0112524,3.0112524,3.2112525,3.9912524,3.9312525,3.4912524,3.4712524,2.6112525,1.9312525,1.5712525,0.94125247,-0.15874755,-1.3387475,-2.2687476,-2.4287477,-2.4887476,-2.9387476,-3.5787475,-4.4187474,-4.3287477,-4.1687474,-4.7287474,-5.9987473,-6.3487477,-8.148747,-8.758747,-5.6187477,-3.8387475,-4.5287476
-1.2887475,4.5112524,3.4012525,3.9812524,3.9612525,5.0512524,6.3912525,5.961252,5.211252,3.7812524,2.9712524,2.7812524,2.1912525,1.9012524,1.1212524,0.24125244,0.17125244,-0.19874756,0.88125247,0.6712524,0.71125245,0.011252441,0.59125245,-0.10874756,1.4912524,1.8712524,2.4812524,0.96125245,2.5312524,1.9712524,2.3212523,2.5412524,2.8212523,2.6212525,2.7212524,2.1812525,1.6812525,1.6912525,1.2012525,0.25125244,-0.92874753,-1.9087476,-2.4487476,-1.7887475,-2.5687475,-3.1187475,-3.9687476,-4.3187475,-4.4987473,-5.1487474,-5.6187477,-6.808748,-7.4487476,-8.8587475,-6.6687474,-2.0687475,-2.2987475,-2.3987474
-0.028747559,3.0012524,2.1512525,2.9612525,3.5412524,6.5112524,8.111253,6.2812524,5.1112523,4.1012526,2.6312525,1.4612525,1.1812525,1.6512524,2.2812524,2.0012524,1.0512525,0.24125244,0.51125246,0.34125245,-0.66874754,2.0012524,1.5612525,1.2712524,0.6712524,1.0212524,1.3612524,2.7112525,1.9712524,1.8612524,2.2812524,2.1112525,1.7712524,2.0712523,2.4012525,2.0712523,1.4912524,1.5412525,0.48125243,-0.6887476,-1.5187476,-2.0987475,-2.3687475,-3.5487475,-2.6587477,-3.6087475,-4.288748,-4.7787476,-4.9587474,-5.4287477,-6.1887474,-7.1087475,-7.7387476,-9.238748,-4.1987476,-2.6287475,-2.2387476,-3.3887475
-2.6687477,1.0312524,0.021252442,2.0012524,5.0712523,7.5412526,7.2512527,4.9212523,3.4912524,3.6212525,2.9212525,2.5712523,2.4412525,2.5712523,2.5012524,2.0612524,3.5012524,3.6412525,3.1112525,2.0612524,1.4812524,0.77125245,1.6412524,2.2612524,2.2712524,2.1712525,2.4112525,2.0112524,2.3012524,2.2812524,1.4512525,1.6812525,1.8812524,1.6212524,1.9712524,1.6812525,0.52125245,-0.20874757,-0.58874756,-1.2187476,-2.2187476,-2.5887475,-2.7887475,-3.2387476,-3.0887475,-4.2687473,-4.3487477,-4.5287476,-5.2687473,-5.7587476,-6.538748,-7.3887477,-8.3187475,-7.7987475,-2.7887475,-3.1787477,-4.038748,-0.008747559
1.1812525,-2.0287476,-0.31874755,0.71125245,1.6312524,6.8812523,5.2512527,4.6012526,3.1012526,3.1512525,2.5712523,3.1312525,2.9612525,3.5112524,3.4712524,2.8812525,1.8612524,2.2712524,2.2812524,2.8912525,2.2512524,1.5512525,1.2812524,0.97125244,1.3712524,1.2112525,1.6612525,2.1012526,1.7712524,1.6712525,1.6612525,1.4612525,1.8912524,1.4512525,0.5512524,-0.60874754,-0.73874754,-1.0187476,-1.3687476,-1.6887475,-2.1287475,-2.7787476,-2.5987475,-2.8587475,-3.6887476,-3.9587476,-4.9087477,-5.4687476,-5.7387476,-6.3187475,-6.808748,-7.8387475,-8.388747,-7.9787474,-5.2987475,-3.9887476,-2.1087475,0.23125245
-0.03874756,1.5412525,3.6612525,5.2412524,3.9712524,6.0912523,5.0012527,4.8512526,4.1112523,2.5012524,2.0912523,2.4112525,2.9712524,2.0712523,2.6512525,2.7812524,1.9412525,2.5612524,2.1212525,1.2312524,-1.2387476,-0.53874755,-0.21874756,0.97125244,1.2012525,1.1912525,1.9012524,1.9712524,1.6612525,1.0012524,1.6512524,0.8712524,0.70125246,-0.76874757,-0.79874754,-1.0387475,-0.92874753,-1.1087476,-1.3987476,-1.8087475,-2.0387475,-2.2487476,-2.8087475,-3.2587476,-4.2787476,-4.7187476,-5.3587475,-5.4487476,-5.9387474,-6.6287475,-7.4887476,-8.188747,-8.1087475,-7.5687475,-6.2487473,-3.2587476,-1.7387476,-2.8987474
1.9112525,3.2412524,3.3212523,3.4712524,4.7012525,5.2012525,5.6212525,2.5312524,3.5912523,2.8112524,2.2812524,1.7212524,1.5712525,0.77125245,1.4112525,1.1012524,0.43125245,0.79125243,-0.39874756,-0.44874755,-0.5687476,1.2712524,0.7412524,2.1912525,1.4312525,1.6312524,2.4212525,0.6812524,0.8712524,1.2012525,0.8012524,0.48125243,0.03125244,-1.3487476,-1.5887475,-1.8987476,-1.5687475,-1.6387476,-2.2187476,-2.0887475,-2.0887475,-2.7687476,-3.5487475,-4.058748,-5.558748,-6.3887477,-5.6587477,-6.0887475,-6.1987476,-6.9587474,-7.1387477,-7.2487473,-7.3887477,-7.558748,-5.8887477,-4.3587475,-4.1887474,-4.2687473
2.0212524,1.8712524,3.3412523,3.9012525,5.3712525,5.3212523,5.0512524,3.8412523,4.5112524,2.5912523,2.2112525,2.2312524,2.6212525,1.6012524,1.8212525,1.2612524,1.0812525,0.82125247,-0.09874756,0.27125245,1.3212525,1.9512525,1.7812524,0.65125245,0.8012524,0.37125245,0.47125244,-0.28874755,-0.5087476,0.47125244,0.34125245,-0.70874757,-1.2987475,-1.6887475,-2.1287475,-1.6887475,-1.8487476,-2.0187476,-2.3987474,-2.3487475,-2.6787477,-3.1987476,-3.8087475,-1.6987475,-4.4587474,-4.2687473,-4.9687476,-5.9187474,-6.3387475,-6.6487474,-6.9687476,-6.8887477,-7.0287476,-6.7687473,-5.1587477,-4.3287477,-2.3887475,-2.9087477
1.0712525,1.8812524,3.5212524,3.9912524,4.691252,4.5412526,4.3312526,3.6312525,1.5712525,2.6412525,2.1812525,1.7812524,1.7412524,1.2712524,0.6712524,1.0212524,0.6812524,1.0312524,0.33125246,2.3112524,1.8512524,0.46125245,1.4212525,0.79125243,-0.44874755,-0.30874756,-0.5087476,-0.04874756,-0.61874753,-0.96874756,-0.47874755,-0.90874755,-1.3887476,-1.7487476,-1.8387475,-1.8887476,-2.5987475,-2.1987476,-2.2187476,-2.6887476,-3.1387475,-3.6487474,-4.4587474,-2.7687476,-3.6987476,-5.9587474,-7.5787477,-5.788748,-7.0087476,-6.9987473,-6.558748,-6.808748,-7.2087474,-5.5087476,-3.7887475,0.66125244,-1.3587476,-0.64874756
1.8712524,2.7812524,3.3412523,3.7512524,4.2812524,3.7212524,3.5012524,2.2912524,2.5912523,0.13125244,1.0012524,1.2812524,1.6212524,1.2912525,0.73125243,0.42125243,0.65125245,0.48125243,1.0912524,0.44125244,0.90125245,1.2912525,1.0312524,1.0312524,0.91125244,-0.14874756,-0.5787476,-0.58874756,-0.95874757,-0.47874755,-0.83874756,-1.6087476,-1.4987476,-2.1187475,-2.0287476,-2.7387476,-2.5587475,-2.8487475,-2.6787477,-3.5587475,-3.6987476,-3.2487476,-3.1487474,-4.3287477,-6.3687477,-0.9987476,-6.308748,-7.0687475,-7.3687477,-7.2687473,-7.2987475,-7.2587476,-6.6387477,-6.1887474,-0.18874756,-0.10874756,0.9212524,0.03125244
1.0712525,2.1012526,2.2812524,3.4612525,3.8612525,2.9712524,2.4312525,1.5212524,1.1612525,0.66125244,1.4212525,0.25125244,-0.32874757,-0.18874756,-0.5087476,-1.4787476,0.19125244,-0.59874755,-1.0187476,-0.32874757,-0.31874755,0.95125246,0.24125244,0.24125244,0.16125244,0.46125245,-0.6987476,-0.65874755,-0.9987476,-0.95874757,-1.4087476,-1.7387476,-1.9387475,-1.9987476,-2.5587475,-2.3587475,-3.2287476,-2.3287475,-3.3487475,-2.3487475,-3.2287476,-4.2087474,-4.4587474,-5.1287475,-3.7787476,-5.0687475,-5.5687475,-6.4687476,-6.5987477,-7.1187477,-7.5987477,-6.6587477,-5.5987477,-5.0887475,-0.35874757,-1.4987476,-0.16874756,0.8612524
