SuperMap iEarth/static/data/winds.json
{"header": {"discipline":0,"disciplineName":"Meteorological products","gribEdition":2,"gribLength":79199,"center":7,"centerName":"US National Weather Service - NCEP(WMC)","subcenter":0,"refTime":"2021-10-17T18:00:00.000Z","significanceOfRT":1,"significanceOfRTName":"Start of forecast","productStatus":0,"productStatusName":"Operational products","productType":1,"productTypeName":"Forecast products","productDefinitionTemplate":0,"productDefinitionTemplateName":"Analysis/forecast at horizontal level/layer at a point in time","parameterCategory":2,"parameterCategoryName":"Momentum","parameterNumber":3,"parameterNumberName":"V-component_of_wind","parameterUnit":"m.s-1","genProcessType":2,"genProcessTypeName":"Forecast","forecastTime":0,"surface1Type":103,"surface1TypeName":"Specified height level above ground","surface1Value":10.0,"surface2Type":255,"surface2TypeName":"Missing","surface2Value":0.0,"gridDefinitionTemplate":0,"gridDefinitionTemplateName":"Latitude_Longitude","numberPoints":65160,"shape":6,"shapeName":"Earth spherical with radius of 6,371,229.0 m","gridUnits":"degrees","resolution":48,"winds":"true","scanMode":0,"nx":360,"ny":181,"basicAngle":0,"lo1":0.0,"la1":90.0,"lo2":359.0,"la2":-90.0,"dx":1.0,"dy":1.0}, "data":
[rows 26 to 51 of 181, columns 0 to 58 of 360]
-2.428047,-3.8280468,-4.568047,-5.628047,-5.308047,-4.938047,-5.6980467,-6.208047,-5.9480467,-6.1380467,-5.6580467,-3.5680468,1.4619532,-0.9980469,-3.488047,-4.898047,-4.1580467,-3.428047,-2.898047,-3.688047,-4.108047,-9.428047,-11.688046,-12.578047,-4.258047,-2.428047,-1.7280469,-1.2780468,-1.2380469,-0.70804685,-0.5380469,-0.46804687,-0.18804687,-0.028046874,0.5219531,0.85195315,1.1019531,3.091953,3.4719532,2.9619532,3.771953,3.841953,4.161953,4.941953,5.0919533,5.161953,4.961953,4.961953,4.991953,5.061953,4.8019533,4.0519533,3.6519532,3.831953,4.351953,4.0519533,3.771953,4.471953,3.551953
-2.428047,-2.378047,-4.1980467,-3.3680468,-3.398047,-4.038047,-4.148047,-0.6880469,3.2119532,2.1419532,0.38195312,-0.9180469,-0.39804688,-0.6080469,-1.7880468,-4.008047,-3.658047,-4.308047,-4.4880466,-9.528047,-11.008047,-11.358047,-3.198047,-1.6180469,-0.43804687,-0.12804687,-0.44804686,0.31195313,0.93195313,0.7719531,1.8319532,1.3019531,1.6819531,2.101953,2.291953,2.771953,3.1719532,3.6919532,3.841953,3.531953,3.4919531,3.4719532,4.741953,4.3819532,4.8419533,4.931953,5.081953,5.221953,4.601953,3.851953,4.3019533,4.601953,3.781953,3.611953,3.551953,4.431953,4.471953,4.271953,3.9719532
-0.77804685,-1.3680469,-2.5180469,-3.158047,-3.238047,-3.8280468,0.061953124,1.5119531,-0.11804687,-1.8580469,0.051953126,-1.3980469,-1.5280468,-6.3680468,-1.9380469,-2.5980468,-2.7780468,-3.708047,-9.248047,-9.1480465,-10.288047,-10.288047,-2.658047,-0.37804687,-0.2680469,-0.20804687,0.14195313,-0.018046875,0.37195313,0.33195314,0.41195312,0.9519531,1.5319531,1.7719531,1.9119531,3.761953,1.5819532,2.361953,3.091953,3.541953,3.621953,3.7119532,3.801953,4.3819532,4.451953,4.351953,3.9319532,3.9119532,3.6519532,3.5019531,4.0719533,4.311953,3.9919531,3.281953,3.4919531,4.401953,4.851953,4.701953,4.651953
0.111953124,-0.7180469,-1.0780469,-2.488047,-3.948047,-1.8480469,-0.37804687,-0.38804686,-0.09804688,-0.88804686,-0.6780469,-1.6480469,-1.5080469,-1.4380469,-3.128047,-2.398047,-2.8280468,-3.148047,-7.978047,-8.498047,-9.878047,-8.238047,-1.4780469,-0.22804688,0.13195312,0.22195312,0.19195312,0.41195312,0.5019531,0.9419531,1.8419532,3.051953,2.7019532,1.8119531,2.031953,2.4019532,4.651953,2.4319532,2.9419532,3.2219532,3.261953,3.591953,3.4819531,3.4919531,3.6819532,3.6819532,3.801953,4.0319533,4.1319532,3.9319532,3.591953,3.4419532,3.311953,3.801953,4.191953,4.231953,4.121953,4.041953,3.861953
0.3919531,-0.36804688,-1.0280468,-1.6480469,-2.628047,-5.338047,-0.048046876,-1.3880469,-1.7480469,-0.7980469,-0.068046875,-0.21804687,-0.47804686,-0.108046874,-0.7980469,-1.1580468,-1.5680469,-0.8580469,-1.0980469,-2.6080468,-6.588047,-7.288047,-6.648047,-5.048047,-1.7980468,-2.0280468,-2.648047,-3.158047,-2.958047,-1.6480469,0.6319531,1.9919531,1.9819531,2.011953,2.071953,2.031953,2.311953,2.5019531,2.9119532,2.3919532,2.781953,2.9119532,3.061953,3.4419532,3.521953,3.591953,3.601953,3.371953,3.6619532,3.121953,2.761953,1.9619532,4.0519533,4.461953,4.481953,4.481953,4.231953,3.7519531,3.4719532
1.8619531,1.7119532,-0.07804687,-1.6180469,-2.7980468,-4.938047,-2.408047,-1.8280469,-1.7380469,-0.16804688,-2.2780468,-2.908047,-1.0180469,-3.448047,-5.028047,-0.34804687,-0.7380469,-1.3180469,-1.7680469,-5.918047,-7.128047,-6.008047,-4.7180467,-2.948047,-0.7980469,0.91195315,1.2019532,1.3119531,1.0119531,1.0619531,1.4419532,1.8719531,2.281953,2.111953,1.5419531,1.5319531,1.7619531,1.7019532,2.1519532,1.9519532,2.831953,2.561953,3.311953,3.4819531,3.2219532,3.1819532,2.621953,2.801953,2.9819531,3.2319531,4.021953,4.3419533,4.401953,4.241953,4.101953,3.831953,4.181953,3.601953,2.051953
1.6419531,1.4419532,0.86195314,-0.17804688,-1.3780469,-3.6080468,-4.438047,-1.8280469,-1.1080469,1.8119531,-1.1980469,-4.2180467,-1.4780469,-0.77804685,-1.1780468,-1.0280468,-1.1180469,-4.978047,-7.208047,-6.848047,-5.348047,-6.2180467,-5.1180468,-4.578047,-4.288047,0.08195312,0.47195312,1.1319531,2.071953,1.3319532,1.6019531,1.6119531,1.4219531,1.1619531,1.0119531,1.2919531,1.5619531,2.611953,2.2219532,2.331953,2.6819532,3.1619532,2.7219532,2.861953,2.761953,2.291953,2.9819531,3.081953,3.341953,3.581953,4.481953,5.351953,5.741953,5.0319533,3.371953,3.781953,3.051953,2.9219532,3.031953
1.7419531,1.4419532,1.9619532,2.311953,1.6219531,1.0819532,0.47195312,-0.038046874,-1.3980469,-1.6780468,-0.7280469,-4.438047,-4.348047,-0.50804687,-1.8180469,-1.4080468,-2.408047,-6.708047,-6.1180468,-5.598047,-5.788047,-5.438047,-0.5580469,-0.56804687,-1.6680468,-0.50804687,0.17195313,0.4519531,0.26195312,0.8119531,1.1119531,1.8719531,0.8119531,0.67195314,-0.3580469,0.79195315,2.621953,2.9119532,3.1719532,2.3919532,2.831953,2.9119532,2.6619532,2.7419531,2.591953,2.9819531,2.571953,3.371953,3.571953,4.791953,4.661953,3.341953,3.3819532,3.4219532,3.801953,4.0919533,2.4619532,4.191953,3.301953
2.841953,2.281953,1.7119532,2.081953,1.0719532,2.2319531,3.611953,2.511953,1.8419532,1.4119531,0.5619531,-2.3480468,-3.4980469,-0.82804686,0.051953126,-3.188047,-4.648047,-3.878047,-4.838047,-3.388047,-2.3380468,-2.438047,-0.108046874,0.6319531,0.80195314,1.3519531,1.5219531,1.4819531,1.5819532,2.4219532,2.341953,2.6919532,2.6719532,2.7319531,2.281953,2.341953,2.291953,1.5719532,1.7919531,1.8719531,2.2419531,1.9719532,2.6519532,3.011953,2.8819532,2.791953,2.6419532,2.861953,2.9519532,3.9619532,4.911953,4.711953,3.9819531,2.871953,2.9319532,2.9319532,3.1319532,2.6719532,2.341953
4.271953,4.251953,3.8919532,3.1819532,1.5119531,2.821953,0.24195312,0.8319531,3.621953,1.9119531,0.5619531,-1.2180469,-1.2180469,-3.0780468,-3.408047,-3.7680469,-4.068047,-2.658047,-4.1380467,-2.388047,2.091953,1.2119532,1.6119531,2.511953,2.021953,1.8919531,1.6019531,2.1519532,1.8419532,2.1319532,1.9419532,2.8919532,1.8619531,2.121953,1.8019531,1.9219531,2.4819531,1.7819531,1.8119531,2.081953,1.6919532,1.4619532,1.6519531,1.5119531,1.3419532,1.4919531,2.331953,2.9619532,3.4219532,4.5919533,4.041953,3.7219532,3.5019531,3.621953,2.6619532,2.7219532,3.4919531,2.831953,3.4319532
5.391953,6.241953,5.791953,5.621953,5.291953,6.001953,6.661953,7.0319533,5.901953,3.8819532,2.581953,1.6419531,1.1819531,1.3919531,0.9419531,-0.7280469,-0.7180469,-0.5480469,0.15195313,2.361953,3.621953,3.291953,2.6619532,1.8819531,1.5919532,1.8519531,0.7719531,0.85195315,2.101953,1.7219532,2.4919531,2.011953,1.9919531,1.7619531,1.4519532,1.8619531,1.7419531,1.5619531,1.0819532,0.9019531,1.2219532,0.98195314,0.6319531,0.14195313,1.3219532,2.781953,2.061953,2.581953,2.761953,3.831953,3.1419532,2.311953,2.351953,1.8719531,1.7119532,1.3519531,1.1119531,1.3419532,1.4519532
3.0019531,4.431953,6.621953,7.471953,7.371953,7.181953,4.191953,4.311953,3.571953,3.1519532,1.7419531,1.3919531,1.2219532,0.9619531,0.74195313,0.98195314,0.37195313,1.6119531,2.561953,2.7019532,2.2419531,2.551953,1.5319531,1.3619531,1.6219531,1.6619531,1.4819531,1.3419532,1.3719531,1.9119531,1.5619531,1.3019531,1.6219531,1.3419532,0.6419531,0.8219531,-0.44804686,-0.40804687,0.22195312,-0.028046874,-0.44804686,-1.5780469,-0.018046875,1.3219532,1.7719531,2.1619532,2.3919532,2.121953,2.571953,2.6719532,2.851953,2.861953,-0.47804686,0.6919531,2.271953,2.861953,1.7119532,1.2319531,2.111953
3.811953,4.0519533,8.091953,7.921953,6.8419533,3.031953,2.1619532,2.331953,1.1319531,1.2119532,2.011953,1.0419531,0.10195313,0.91195315,0.85195315,1.1019531,1.5019531,2.1319532,2.061953,1.9519532,1.1419531,1.3319532,1.6119531,1.3019531,1.5619531,2.111953,1.4519532,1.1319531,1.9919531,1.6519531,0.97195315,0.67195314,-0.09804688,-1.1080469,-1.2680469,-0.5980469,-0.63804686,-0.6680469,-1.0280468,-1.6680468,-2.0580468,-0.22804688,0.011953125,-0.068046875,2.2119532,2.561953,1.3319532,1.6019531,1.5019531,1.8319532,-2.3280468,-1.0180469,2.7519531,2.4619532,2.9519532,2.9419532,2.621953,2.1319532,2.1519532
3.091953,5.271953,4.691953,3.6619532,2.791953,1.9519532,1.6119531,0.79195315,0.5019531,-0.12804687,0.34195313,0.7619531,1.1619531,1.8919531,1.2919531,2.2019532,1.5219531,0.80195314,0.25195312,-0.38804686,0.16195312,1.1819531,1.5119531,0.47195312,2.291953,2.2019532,1.3519531,0.67195314,0.38195312,-0.75804687,-0.37804687,-0.3580469,-1.2780468,-2.158047,-1.2180469,-1.0680469,-1.6980469,-2.5180469,-2.5580468,-2.178047,-1.8180469,-1.7280469,-2.0280468,-0.048046876,0.80195314,1.1619531,2.7019532,-0.5480469,-1.4580469,-3.2680469,1.4519532,3.4519532,4.081953,5.1119533,4.251953,4.231953,3.6819532,3.3919532,3.291953
5.1119533,4.931953,2.1419532,2.551953,2.261953,1.4919531,0.68195313,0.24195312,0.49195313,0.27195314,-0.7280469,-0.6180469,0.19195312,-0.24804688,0.46195313,-0.048046876,-0.46804687,-1.2180469,-0.46804687,1.7319531,1.2919531,1.2919531,1.0219531,0.93195313,-0.20804687,-1.6180469,-0.8680469,-0.7380469,-0.82804686,-1.3980469,-2.128047,-1.2180469,-1.9080468,-1.6980469,-2.3680468,-2.4980469,-2.5480468,-2.908047,-2.398047,-2.628047,-2.448047,-1.8880469,-2.1080468,0.3919531,0.91195315,-0.36804688,-3.2580469,-2.698047,1.9219531,1.7219532,5.041953,4.5519533,4.811953,4.5319533,4.1319532,4.191953,3.801953,3.851953,3.8919532
2.9019532,2.761953,1.3219532,1.8719531,0.80195314,0.34195313,0.44195312,0.33195314,0.79195315,-0.14804688,-1.0480468,1.5019531,0.09195313,-1.4980469,-0.50804687,0.08195312,-1.7880468,0.74195313,0.051953126,-0.33804688,-0.49804688,0.3919531,-0.068046875,0.24195312,0.8319531,-1.4180468,-2.0980468,-2.388047,-2.438047,-1.2980468,-1.7780468,-2.5380468,-2.138047,-3.238047,-3.0380468,-3.1080468,-3.0880468,-2.688047,-3.148047,-3.0780468,-2.5680468,-2.8280468,-0.30804688,-0.6880469,-1.0980469,-3.0580468,0.8319531,3.7319531,4.351953,4.901953,4.2619534,4.201953,4.5519533,4.331953,3.9919531,3.7319531,3.9619532,3.611953,3.311953
0.7819531,1.3119531,1.7119532,1.1419531,-0.2980469,1.0419531,0.34195313,-0.21804687,1.2919531,-0.52804685,1.8019531,0.7619531,0.55195314,0.4219531,1.4019531,1.1919532,0.99195313,0.38195312,0.16195312,0.24195312,1.0219531,1.8719531,0.73195314,-0.5580469,-0.6180469,0.97195315,-0.40804687,-0.17804688,0.28195313,-2.408047,-3.638047,-2.968047,-3.708047,-3.3680468,-4.4280467,-3.168047,-2.7980468,-3.448047,-3.2780468,-2.988047,-3.388047,-1.6480469,-1.0180469,-2.8280468,0.8919531,-1.1980469,2.7119532,4.3219533,4.201953,4.271953,3.271953,3.6319532,4.081953,3.861953,3.7119532,3.9119532,3.581953,3.521953,3.1419532
2.1619532,-0.018046875,-0.39804688,0.7019531,-0.42804688,-0.9080469,1.0219531,-0.33804688,2.2219532,1.0419531,0.72195315,0.24195312,-0.6080469,-1.2580469,-0.12804687,0.30195314,0.80195314,1.7419531,-0.048046876,0.8119531,1.0119531,-0.7180469,-0.7480469,0.79195315,-0.7280469,-0.31804687,0.7519531,0.44195312,-1.1780468,-2.208047,-3.0980468,-3.428047,-3.188047,-3.688047,-4.268047,-3.638047,-3.938047,-4.1180468,-4.4880466,-2.6180468,-2.0080469,-2.0280468,-1.5980469,0.13195312,2.361953,-1.8080468,3.581953,3.1819532,3.061953,2.101953,2.7019532,4.831953,5.0319533,3.4919531,4.251953,3.761953,3.4819531,2.8819532,2.071953
1.4819531,1.1319531,0.74195313,0.6319531,1.7119532,0.60195315,0.041953124,0.73195314,-1.5680469,-1.1680468,-0.9380469,0.25195312,-1.2880468,-1.2180469,-0.94804686,0.31195313,0.4519531,0.25195312,-0.95804685,-0.38804686,-0.47804686,-1.4080468,-1.5180469,0.19195312,1.1819531,0.8219531,0.86195314,0.26195312,-1.8280469,-3.478047,-3.0980468,-7.298047,-6.338047,-6.588047,-5.418047,-4.918047,-5.548047,-2.978047,-2.478047,-2.0980468,-1.5980469,-0.12804687,-1.0180469,2.051953,0.23195313,0.5319531,2.1719532,1.3119531,1.0319531,0.3919531,5.2619534,5.0319533,5.651953,4.2619534,3.9919531,3.831953,3.111953,1.7619531,0.7019531
0.91195315,0.5619531,-0.018046875,0.23195313,2.081953,1.5619531,-0.5380469,0.3919531,0.15195313,0.29195312,-0.19804688,0.7519531,1.3319532,0.111953124,-2.3180468,-0.7280469,-0.068046875,0.041953124,-0.068046875,0.26195312,-1.0480468,-0.21804687,-0.40804687,0.30195314,0.29195312,-0.21804687,0.31195313,0.8719531,-1.8080468,-2.968047,-5.588047,-7.708047,-8.718047,-7.958047,-2.3080468,-1.4180468,-4.128047,-4.438047,-0.58804685,-0.81804687,1.6519531,1.0119531,0.15195313,-0.69804686,-0.50804687,-1.9180468,0.29195312,1.5719532,2.9519532,3.7119532,3.831953,4.481953,3.551953,3.781953,3.4619532,3.601953,2.1919532,1.5319531,1.0019531
0.6519531,1.9619532,1.0419531,0.85195315,1.2019532,0.28195313,0.20195313,-0.8080469,-1.5280468,-0.70804685,-2.468047,-2.8080468,1.3719531,-0.048046876,-1.6180469,-2.0780468,-1.6580468,-0.9880469,-0.45804688,0.32195312,-0.9280469,-0.11804687,-0.008046875,0.12195312,1.0219531,1.0919532,-0.7480469,-0.52804685,-2.0780468,-5.508047,-7.548047,-8.118047,-8.608047,-9.388047,-0.028046874,-1.8980469,-5.768047,-2.8180468,-2.6080468,-3.898047,0.8119531,1.0719532,-0.44804686,-0.8480469,1.3419532,-1.2080469,-1.4580469,1.5719532,2.4419532,7.5319533,4.791953,3.531953,4.721953,5.041953,4.0319533,2.6819532,1.6519531,0.24195312,-0.88804686
2.291953,1.6819531,1.1219531,0.86195314,1.1719531,0.7819531,0.4219531,0.91195315,-1.6480469,-2.178047,-3.2580469,-1.3780469,-1.3880469,-0.21804687,-2.678047,-2.2980468,-2.408047,-2.418047,-0.50804687,-1.2580469,-0.34804687,-1.3280469,-0.22804688,0.3919531,-0.2680469,0.36195314,0.86195314,-1.5080469,-5.168047,-7.9280467,-8.138047,-7.088047,-5.8680468,-4.748047,-2.948047,-2.928047,-3.238047,-1.7480469,-0.83804685,-1.9280468,-4.1980467,-0.19804688,0.14195313,-0.25804687,1.1019531,1.4019531,0.92195314,-1.0680469,3.541953,5.401953,3.761953,4.141953,3.4119532,2.3819532,1.4819531,2.4319532,0.60195315,0.041953124,-0.7880469
-0.33804688,0.33195314,1.5919532,0.72195315,1.9619532,1.3219532,0.60195315,-1.4080468,-3.3480468,0.23195313,0.10195313,-0.3580469,-1.8080468,-0.69804686,-0.41804686,-1.4980469,1.1819531,-3.5580468,-3.0380468,-2.8680468,-1.5280468,-0.11804687,-1.5480468,-0.58804685,0.21195312,1.4919531,-0.068046875,-3.5580468,-2.958047,-7.8680468,-8.018047,-7.808047,3.6719532,0.061953124,-0.018046875,0.6419531,-4.298047,-1.1680468,-0.9880469,-1.5280468,-2.0480468,-3.2680469,1.2719531,-0.77804685,-0.22804688,0.4219531,-1.9280468,3.861953,-0.038046874,3.081953,1.7119532,5.0119534,3.9119532,0.28195313,2.611953,1.7919531,0.9519531,-0.34804687,-1.4680469
-0.83804685,0.68195313,0.8219531,1.7519531,-0.038046874,0.5919531,-0.7180469,-0.9180469,-3.5180469,0.29195312,-2.158047,-1.0480468,-1.7880468,-1.5080469,-3.0380468,-0.38804686,-1.5980469,-1.1480469,-3.5880468,-1.7980468,0.38195312,-0.30804688,-0.9380469,0.5119531,0.5019531,-2.478047,-2.8480468,-1.5980469,-4.828047,-4.918047,-3.428047,-0.6880469,0.80195314,-0.9880469,-2.0080469,-1.8480469,-1.6580468,-0.6280469,-0.41804686,1.8919531,2.091953,-0.28804687,-2.668047,-1.1380469,-2.5780468,-0.46804687,-0.7980469,-0.27804688,-0.75804687,0.5219531,2.9319532,0.6519531,1.4719532,1.1619531,0.8819531,0.4519531,0.21195312,-0.028046874,-0.15804687
-0.068046875,-1.6780468,-1.1880469,2.1319532,1.1819531,-0.48804688,-1.2580469,-4.278047,-8.328047,1.5219531,-3.5380468,-3.7880468,-2.478047,0.14195313,-1.9480469,-1.7080469,-1.1080469,-0.6680469,-3.9980469,0.31195313,-0.5580469,-0.39804688,1.2319531,0.36195314,-0.9880469,-5.558047,-5.788047,-1.7580469,-1.7380469,-1.2380469,-1.1880469,-1.4680469,-0.40804687,-0.23804687,0.72195315,0.4219531,1.6619531,0.8819531,1.4519532,0.6219531,-2.4980469,-0.44804686,2.051953,3.3819532,2.1419532,-1.3480469,2.6919532,0.09195313,1.8219532,-0.43804687,1.3319532,0.08195312,-1.3780469,-0.20804687,0.14195313,0.5819531,-1.2980468,-0.70804685,-0.22804688
-0.83804685,-1.6680468,-1.9980469,0.43195313,0.99195313,-1.1880469,-2.1180468,-4.048047,-2.168047,0.99195313,-2.448047,-3.2680469,-3.0980468,-0.31804687,-0.6080469,-1.4080468,0.9419531,-1.3680469,-2.0080469,-0.45804688,-1.4080468,-0.19804688,-0.33804688,-1.2080469,-3.5480468,-7.028047,-3.408047,-1.8480469,-2.8680468,-1.5580468,-1.5480468,-1.0880469,-1.6680468,-2.678047,-1.2880468,-0.9880469,-0.17804688,-0.048046876,-2.138047,-1.2280469,1.4619532,-0.13804688,3.121953,0.6919531,1.1619531,0.7119531,0.011953125,0.66195315,-0.40804687,1.7719531,0.66195315,0.14195313,0.97195315,-0.08804688,-3.5180469,-3.8280468,-2.0780468,0.93195313,0.6419531
