SuperMap iEarth/static/data/winds.json
{"header": {"discipline":0,"disciplineName":"Meteorological products","gribEdition":2,"gribLength":78670,"center":7,"centerName":"US National Weather Service - NCEP(WMC)","subcenter":0,"refTime":"2021-10-17T18:00:00.000Z","significanceOfRT":1,"significanceOfRTName":"Start of forecast","productStatus":0,"productStatusName":"Operational products","productType":1,"productTypeName":"Forecast products","productDefinitionTemplate":0,"productDefinitionTemplateName":"Analysis/forecast at horizontal level/layer at a point in time","parameterCategory":2,"parameterCategoryName":"Momentum","parameterNumber":2,"parameterNumberName":"U-component_of_wind","parameterUnit":"m.s-1","genProcessType":2,"genProcessTypeName":"Forecast","forecastTime":0,"surface1Type":103,"surface1TypeName":"Specified height level above ground","surface1Value":10.0,"surface2Type":255,"surface2TypeName":"Missing","surface2Value":0.0,"gridDefinitionTemplate":0,"gridDefinitionTemplateName":"Latitude_Longitude","numberPoints":65160,"shape":6,"shapeName":"Earth spherical with radius of 6,371,229.0 m","gridUnits":"degrees","resolution":48,"winds":"true","scanMode":0,"nx":360,"ny":181,"basicAngle":0,"lo1":0.0,"la1":90.0,"lo2":359.0,"la2":-90.0,"dx":1.0,"dy":1.0}, "data":
[rows 0 to 25 of 181, columns 232 to 289 of 360]
1.350398,1.3903979,1.430398,1.470398,1.5103979,1.540398,1.580398,1.6203979,1.6503979,1.690398,1.720398,1.7503979,1.790398,1.820398,1.850398,1.8803979,1.920398,1.950398,1.9803979,2.010398,2.030398,2.0603979,2.0903978,2.120398,2.140398,2.170398,2.190398,2.220398,2.240398,2.260398,2.290398,2.3103979,2.3303978,2.350398,2.370398,2.390398,2.400398,2.420398,2.440398,2.450398,2.470398,2.480398,2.500398,2.510398,2.520398,2.530398,2.540398,2.5503979,2.5603979,2.5703979,2.5803978,2.5803978,2.5903978,2.5903978,2.600398,2.600398,2.600398,2.610398
-0.37960204,-0.36960205,-0.37960204,-0.38960207,-0.40960205,-0.42960206,-0.44960204,-0.45960206,-0.46960205,-0.46960205,-0.47960204,-0.48960206,-0.49960205,-0.51960206,-0.52960205,-0.54960203,-0.5696021,-0.58960205,-0.60960203,-0.619602,-0.6296021,-0.64960206,-0.66960204,-0.679602,-0.69960207,-0.71960205,-0.72960204,-0.7496021,-0.76960206,-0.77960205,-0.78960204,-0.79960203,-0.8196021,-0.8196021,-0.82960206,-0.82960206,-0.82960206,-0.83960205,-0.83960205,-0.84960204,-0.85960203,-0.8796021,-0.90960205,-0.929602,-0.94960207,-0.97960204,-0.9996021,-1.0196021,-1.039602,-1.049602,-1.059602,-1.069602,-1.089602,-1.0996021,-1.1096021,-1.1296021,-1.149602,-1.159602
-2.599602,-2.589602,-2.579602,-2.589602,-2.619602,-2.629602,-2.649602,-2.6696022,-2.6596022,-2.629602,-2.609602,-2.599602,-2.649602,-2.6996021,-2.739602,-2.759602,-2.769602,-2.779602,-2.789602,-2.789602,-2.789602,-2.789602,-2.799602,-2.789602,-2.789602,-2.789602,-2.779602,-2.779602,-2.779602,-2.789602,-2.789602,-2.789602,-2.809602,-2.819602,-2.839602,-2.879602,-2.899602,-2.9296021,-2.9496021,-2.9296021,-2.9196022,-2.899602,-2.9096022,-2.9296021,-2.9496021,-2.9296021,-2.899602,-2.869602,-2.849602,-2.849602,-2.859602,-2.879602,-2.899602,-2.9396021,-3.019602,-3.129602,-3.239602,-3.339602
-3.119602,-3.109602,-3.099602,-3.089602,-3.109602,-3.1696022,-3.229602,-3.289602,-3.319602,-3.359602,-3.369602,-3.379602,-3.399602,-3.399602,-3.4096022,-3.4196022,-3.4096022,-3.4096022,-3.459602,-3.499602,-3.539602,-3.579602,-3.619602,-3.6696022,-3.719602,-3.749602,-3.739602,-3.729602,-3.6596022,-3.579602,-3.629602,-3.729602,-3.819602,-3.889602,-3.959602,-3.959602,-3.9196022,-3.889602,-3.9296021,-3.979602,-3.859602,-3.6696022,-3.499602,-3.4096022,-3.329602,-3.319602,-3.329602,-3.329602,-3.289602,-3.239602,-3.1896021,-3.1596022,-3.139602,-3.149602,-3.149602,-3.1596022,-3.1996021,-3.259602
-4.339602,-4.149602,-3.959602,-3.9196022,-3.889602,-3.879602,-3.869602,-3.869602,-3.829602,-3.859602,-3.9296021,-3.9396021,-3.9496021,-3.999602,-4.0596023,-4.149602,-4.249602,-4.3096023,-4.339602,-4.379602,-4.419602,-4.459602,-4.469602,-4.469602,-4.399602,-4.2896023,-4.149602,-3.999602,-3.9496021,-3.9096022,-3.969602,-4.0796022,-4.399602,-4.609602,-4.679602,-4.689602,-4.649602,-4.609602,-4.589602,-4.499602,-4.409602,-4.299602,-4.209602,-4.2896023,-4.349602,-4.3096023,-4.249602,-4.3096023,-4.399602,-4.449602,-4.449602,-4.399602,-4.3296022,-4.229602,-4.129602,-4.029602,-3.9296021,-3.859602
-4.499602,-4.489602,-4.649602,-4.719602,-4.699602,-4.749602,-4.939602,-5.2896023,-5.509602,-5.639602,-5.749602,-5.779602,-5.659602,-5.5396023,-5.389602,-5.199602,-5.0396023,-4.939602,-4.889602,-4.849602,-4.799602,-4.699602,-4.749602,-4.879602,-5.089602,-5.149602,-5.119602,-4.999602,-4.879602,-4.8296022,-5.009602,-5.209602,-5.379602,-5.449602,-5.439602,-5.439602,-5.439602,-5.459602,-5.499602,-5.529602,-5.5596023,-5.599602,-5.689602,-5.769602,-5.8296022,-5.949602,-6.0596023,-6.209602,-6.259602,-6.299602,-6.3096023,-6.2896023,-6.199602,-6.0796022,-5.889602,-5.639602,-5.5596023,-5.449602
-5.589602,-5.619602,-5.659602,-5.719602,-5.7896023,-5.869602,-5.959602,-6.0796022,-6.129602,-6.149602,-6.159602,-6.099602,-6.089602,-5.929602,-5.719602,-5.5596023,-5.399602,-5.2896023,-5.199602,-5.099602,-4.989602,-4.989602,-4.999602,-5.019602,-5.089602,-5.229602,-5.369602,-5.509602,-5.629602,-5.749602,-5.899602,-6.009602,-6.069602,-6.0396023,-5.949602,-5.849602,-5.839602,-5.949602,-6.189602,-6.459602,-6.719602,-6.929602,-7.0796022,-7.159602,-7.189602,-7.129602,-7.159602,-7.179602,-7.239602,-7.3296022,-7.499602,-7.589602,-7.589602,-7.509602,-7.549602,-7.609602,-7.589602,-7.479602
-6.739602,-6.549602,-6.439602,-6.429602,-6.409602,-6.3296022,-6.189602,-6.049602,-6.029602,-5.959602,-5.979602,-6.0596023,-6.089602,-6.069602,-5.949602,-5.769602,-5.649602,-5.469602,-5.319602,-5.279602,-5.3296022,-5.399602,-5.569602,-5.8096023,-5.919602,-5.919602,-5.959602,-5.969602,-5.969602,-6.009602,-6.019602,-5.969602,-5.859602,-5.719602,-5.419602,-5.339602,-5.269602,-5.359602,-5.269602,-5.119602,-5.109602,-5.119602,-5.049602,-5.139602,-5.339602,-5.599602,-5.889602,-5.779602,-6.029602,-3.479602,-3.6596022,-3.889602,-2.469602,-1.399602,-0.929602,-0.82960206,-0.94960207,-2.029602
-7.8096023,-7.799602,-7.749602,-7.679602,-7.589602,-7.569602,-7.5396023,-7.459602,-7.369602,-7.419602,-7.389602,-7.359602,-7.2896023,-7.259602,-7.199602,-7.189602,-7.139602,-7.0396023,-6.859602,-6.659602,-6.429602,-6.169602,-6.029602,-5.849602,-5.839602,-5.749602,-5.649602,-5.599602,-5.609602,-5.549602,-5.549602,-5.509602,-5.359602,-4.939602,-4.249602,-3.639602,-3.089602,-3.059602,-2.369602,-1.7396021,-0.63960207,-0.6296021,-2.049602,-1.8796021,-1.209602,-0.75960207,-1.1096021,-1.4896021,-1.7596021,-2.9196022,-2.879602,-0.6896021,0.510398,1.1303979,1.0203979,1.1503979,1.3903979,0.91039795
-7.899602,-7.839602,-7.749602,-7.569602,-7.419602,-7.319602,-7.259602,-7.129602,-7.069602,-7.009602,-6.909602,-6.749602,-6.569602,-6.429602,-6.369602,-6.2896023,-6.169602,-6.029602,-5.8296022,-5.669602,-5.599602,-5.549602,-5.339602,-4.989602,-4.459602,-3.889602,-3.299602,-2.849602,-2.519602,-2.319602,-2.279602,-2.469602,-2.709602,-2.799602,-3.319602,-2.989602,-1.299602,-0.26960206,-1.3796021,-2.9396021,-1.419602,-0.059602052,0.04039795,-1.7596021,-2.299602,-1.2296021,-1.669602,-1.709602,-0.52960205,-0.76960206,-1.069602,-2.139602,-2.819602,-2.4496021,-0.45960206,0.21039794,-0.90960205,-0.78960204
-6.589602,-6.389602,-6.229602,-6.0796022,-5.839602,-5.679602,-5.599602,-5.499602,-5.419602,-5.369602,-5.269602,-5.179602,-5.159602,-5.169602,-5.209602,-5.219602,-5.0596023,-4.869602,-4.7896023,-4.749602,-4.759602,-4.709602,-4.5796022,-4.599602,-4.3096023,-3.9396021,-3.379602,-2.629602,-1.8896021,-0.85960203,-0.12960204,-1.2196021,-1.4696021,-1.959602,-2.249602,-2.149602,-0.70960206,0.48039794,-0.019602051,0.19039795,0.31039795,0.95039797,-0.89960206,-1.079602,-0.76960206,-1.209602,-1.199602,-1.9696021,-3.039602,-2.4096022,-1.7196021,-0.71960205,-0.31960204,-0.09960205,1.100398,1.6103979,0.8103979,0.30039796
-5.449602,-5.519602,-5.419602,-5.159602,-4.919602,-4.569602,-3.819602,-3.629602,-3.539602,-3.4496021,-3.369602,-3.459602,-3.6696022,-3.6896021,-4.049602,-4.409602,-4.599602,-4.359602,-3.889602,-3.9196022,-4.169602,-4.089602,-4.109602,-4.719602,-4.909602,-4.159602,-3.959602,-4.389602,-4.869602,-4.679602,-3.379602,-2.1796021,-1.949602,-1.899602,-1.399602,-1.2496021,-1.959602,-1.649602,-1.809602,-1.309602,-0.29960206,-1.419602,-1.4796021,-0.57960206,0.7503979,-0.83960205,-2.4196022,-3.729602,-3.589602,-1.809602,-0.76960206,-0.75960207,-0.9396021,-1.6096021,-1.2596021,-1.209602,-0.989602,-0.95960206
0.32039794,-0.41960204,-2.009602,-3.249602,-3.519602,-3.499602,-3.329602,-3.259602,-3.279602,-3.339602,-3.4196022,-3.309602,-2.459602,-2.229602,-2.6996021,-3.559602,-4.219602,-4.029602,-3.479602,-3.829602,-4.3096023,-4.909602,-5.909602,-6.459602,-7.159602,-7.669602,-7.969602,-8.279602,-8.369602,-8.019602,-8.259602,-8.159602,-7.5396023,-6.989602,-7.119602,-7.279602,-6.869602,-6.429602,-7.589602,-6.909602,-2.219602,-2.109602,-3.809602,-4.009602,-1.7596021,-1.439602,-3.6696022,-6.169602,-2.049602,-0.009602051,-1.2496021,-2.229602,-1.3696021,-3.1596022,-0.75960207,-2.4296021,-2.539602,-0.77960205
1.320398,1.320398,0.96039796,0.46039796,0.07039795,-0.57960206,-1.7696021,-2.229602,-2.619602,-3.149602,-3.019602,-2.779602,-2.819602,-2.779602,-3.6596022,-2.989602,-2.519602,-2.459602,-2.799602,-3.589602,-4.529602,-5.749602,-6.439602,-7.149602,-7.689602,-7.879602,-8.109602,-8.239602,-8.129602,-8.129602,-7.839602,-7.529602,-8.569602,-8.649602,-9.479602,-8.649602,-5.929602,-3.559602,-2.9196022,-2.019602,-1.7296021,-2.469602,-2.6896021,-0.6896021,-1.8796021,-1.559602,-1.0996021,-3.099602,-2.239602,0.820398,0.46039796,-5.7896023,-6.379602,-7.669602,-8.279602,-7.999602,-7.029602,-6.229602
1.7603979,1.700398,1.3803979,0.54039794,-0.04960205,-1.1396021,-0.95960206,-0.50960207,-0.43960205,-0.97960204,-0.97960204,-1.2396021,-2.459602,-1.2596021,0.17039795,0.03039795,1.420398,0.24039795,-1.2396021,-2.119602,-3.1696022,-4.339602,-5.209602,-5.299602,-6.209602,-6.419602,-6.339602,-7.219602,-7.849602,-8.759602,-7.999602,-8.099602,-8.719602,-8.759602,-7.969602,-8.589602,-9.449602,-7.889602,-8.529602,-11.429602,-14.609602,-16.569603,-16.789602,-17.199602,-17.969603,-17.779602,-13.829602,-10.899602,-7.399602,-5.7896023,-5.3296022,-5.739602,-7.739602,-8.649602,-9.349602,-10.349602,-11.369602,-12.239602
3.0803978,3.3303978,2.630398,2.200398,1.850398,0.30039796,-1.809602,-1.079602,-0.989602,-0.06960205,1.310398,2.180398,0.10039795,-0.79960203,-0.22960205,-1.679602,-1.959602,-0.35960206,-1.6096021,-1.899602,-3.479602,-4.549602,-4.179602,-5.189602,-5.459602,-5.589602,-6.029602,-6.649602,-7.519602,-8.019602,-7.8096023,-8.659602,-9.149602,-8.719602,-9.129602,-7.479602,-9.899602,-9.869602,-7.919602,-3.1596022,-4.409602,-2.9396021,-5.8296022,-5.3296022,-2.899602,-4.899602,-2.279602,0.6203979,-0.30960205,-3.889602,-5.0796022,-5.859602,-6.669602,-7.149602,-7.459602,-7.529602,-7.859602,-8.519602
2.220398,3.110398,2.740398,2.0703979,1.330398,0.80039793,0.59039795,0.61039793,0.880398,0.59039795,-0.49960205,0.5603979,1.5303979,-0.009602051,0.23039795,-1.309602,-1.5996021,-1.309602,-1.6096021,-2.599602,-3.269602,-3.849602,-4.349602,-4.799602,-5.639602,-6.609602,-7.249602,-7.389602,-7.609602,-7.549602,-7.619602,-6.819602,-5.499602,-6.199602,-8.589602,-7.3096023,-7.049602,-7.369602,-7.399602,-8.109602,-7.869602,-8.719602,-8.469602,-12.859602,-14.369602,-13.959602,-11.819602,-6.889602,-4.389602,-4.339602,-5.0596023,-4.509602,-4.779602,-5.3096023,-5.989602,-6.649602,-6.749602,-6.5796022
1.4903979,1.910398,2.020398,1.800398,1.600398,2.450398,1.960398,1.410398,1.330398,0.91039795,-0.6296021,-1.2496021,-0.9996021,-0.78960204,0.19039795,-0.41960204,-0.559602,-2.219602,-2.6796021,-3.139602,-3.099602,-1.9896021,-2.1696022,-3.379602,-3.839602,-5.069602,-6.439602,-7.019602,-7.759602,-7.979602,-8.059602,-9.449602,-9.559602,-10.999602,-8.889602,-8.169602,-8.309602,-7.199602,-8.579602,-13.109602,-10.859602,-8.399602,-3.339602,-6.409602,-3.289602,-3.969602,-1.289602,0.630398,-0.5696021,-2.209602,0.35039794,2.460398,-0.25960204,-2.9496021,-4.139602,-5.239602,-5.459602,-5.419602
1.450398,1.590398,1.320398,1.2503979,1.710398,1.850398,2.3203979,2.690398,3.030398,-0.45960206,0.77039796,-0.35960206,0.44039795,0.28039795,0.36039793,-0.57960206,0.24039795,0.35039794,-0.90960205,-0.66960204,-1.0196021,-2.6796021,-2.499602,-1.9996021,-3.369602,-4.509602,-4.889602,-5.409602,-6.449602,-7.639602,-8.849602,-9.409602,-9.719602,-12.069602,-8.719602,-9.509602,-9.419602,-9.489602,-9.929602,-10.449602,-10.789602,-11.029602,-9.519602,-10.599602,-9.439602,-8.789602,-1.7196021,-1.299602,-3.1696022,-4.259602,-2.9196022,-2.459602,1.9903979,3.390398,1.330398,-1.7596021,-2.969602,-4.029602
1.090398,1.6203979,1.930398,1.800398,2.3403978,2.210398,2.520398,2.0603979,0.98039794,0.46039796,-0.09960205,0.32039794,1.0003979,0.92039794,1.040398,0.73039794,-0.70960206,-2.1796021,-2.4296021,-1.9896021,-1.429602,-1.8896021,-3.1696022,-4.179602,-5.009602,-5.609602,-5.919602,-6.669602,-7.399602,-7.359602,-5.929602,-5.409602,-6.159602,-9.639602,-7.629602,-6.759602,-9.749602,-10.079602,-8.599602,-6.419602,-7.489602,-9.189602,-8.709602,-8.7996025,-9.689602,-10.109602,-9.489602,-7.609602,-7.969602,-7.5796022,-5.489602,-4.949602,-2.009602,-0.9396021,-1.1096021,-0.009602051,2.660398,3.610398
0.48039794,1.660398,2.360398,2.940398,3.460398,4.780398,4.880398,4.900398,4.480398,3.940398,2.710398,1.590398,1.930398,1.070398,0.49039796,0.23039795,0.18039794,0.32039794,-1.089602,-1.579602,-2.349602,-3.1796021,-3.9196022,-3.899602,-4.429602,-4.519602,-4.479602,-5.569602,-6.729602,-7.469602,-8.619602,-9.319602,-9.149602,-9.399602,-7.939602,-8.089602,-9.089602,-10.389602,-10.979602,-10.039602,-9.239602,-11.509602,-10.779602,-11.119602,-10.839602,-7.709602,-8.2996025,-10.389602,-10.789602,-9.509602,-9.679602,-8.829602,-8.209602,-3.559602,-6.149602,-1.4796021,0.39039794,-1.449602
-0.53960204,-0.119602054,2.0703979,2.3403978,2.540398,3.720398,4.290398,3.900398,4.070398,5.4203978,6.250398,5.870398,4.2103977,2.650398,2.280398,2.0503979,1.290398,1.320398,0.570398,0.72039795,-0.64960206,-1.709602,-4.439602,-4.479602,-4.7896023,-4.949602,-5.499602,-5.859602,-6.099602,-5.399602,-5.049602,-4.689602,-5.139602,-7.369602,-6.5396023,-5.989602,-7.009602,-5.959602,-7.209602,-6.089602,-7.8096023,-7.629602,-6.649602,-8.719602,-7.639602,-6.999602,-5.8296022,-8.229602,-9.379602,-8.889602,-10.489602,-10.229602,-9.669602,-7.959602,-6.689602,-4.879602,-3.389602,-2.609602
-1.7596021,-1.1096021,0.95039797,1.190398,1.4003979,1.5003979,2.470398,2.8103979,2.8203979,2.160398,3.020398,4.770398,4.950398,3.970398,3.850398,3.0703979,4.650398,5.100398,5.680398,5.160398,5.100398,6.050398,5.7103977,5.060398,4.660398,4.860398,5.1903977,4.720398,4.180398,-1.1196021,-3.549602,-3.019602,-3.309602,-2.709602,-2.519602,-2.6796021,-4.479602,-3.9396021,-4.2896023,-5.5596023,-5.209602,-5.0596023,-8.869602,-7.179602,-7.109602,-6.319602,-5.709602,-6.239602,-8.519602,-8.729602,-8.709602,-8.449602,-7.279602,-7.259602,-6.759602,-8.069602,-6.699602,-6.0796022
-1.0196021,-0.94960207,-0.65960205,0.72039795,1.3903979,1.450398,3.260398,2.0603979,1.670398,1.8903979,2.890398,3.930398,3.910398,5.730398,6.370398,6.470398,6.7103977,5.100398,6.090398,6.230398,6.720398,6.600398,6.540398,6.280398,5.580398,5.340398,4.800398,4.790398,4.9203978,4.370398,4.080398,3.250398,1.6503979,1.540398,-1.039602,-1.5996021,-3.049602,-3.459602,-4.299602,-4.989602,-5.5396023,-6.669602,-7.5396023,-7.769602,-8.359602,-7.629602,-6.749602,-7.049602,-7.739602,-8.769602,-9.369602,-9.5496025,-8.609602,-8.259602,-8.569602,-8.439602,-8.779602,-7.999602
-1.0996021,-0.95960206,0.92039794,2.350398,2.3303978,2.170398,2.030398,1.950398,1.440398,2.170398,2.790398,4.2103977,4.550398,4.680398,4.510398,4.900398,4.870398,5.700398,6.400398,6.490398,6.520398,6.240398,5.330398,4.7103977,4.990398,4.9203978,4.330398,4.530398,5.110398,4.600398,4.080398,5.4603977,4.590398,3.610398,2.980398,0.27039796,-2.069602,-2.639602,-1.8696021,-3.459602,-5.099602,-5.339602,-4.519602,-6.469602,-7.599602,-8.039602,-7.5796022,-6.939602,-8.399602,-9.069602,-8.479602,-10.999602,-9.389602,-7.759602,-5.759602,-6.469602,-5.709602,-5.839602
1.410398,0.010397949,1.0203979,0.85039794,3.610398,5.140398,4.070398,3.0603979,2.0903978,1.3803979,1.1103979,1.930398,2.0503979,2.530398,2.670398,2.910398,3.5703979,3.480398,4.1903977,4.2103977,4.220398,4.550398,4.070398,3.280398,3.3403978,3.350398,4.000398,4.530398,4.820398,4.030398,4.410398,4.840398,6.360398,6.560398,5.300398,3.720398,2.950398,-0.43960205,-0.78960204,-1.939602,-3.1596022,-4.349602,-5.569602,-3.4496021,-4.499602,-4.299602,-6.689602,-7.929602,-9.059602,-7.619602,-7.0796022,-9.309602,-6.209602,-3.899602,-4.259602,-7.279602,-7.709602,-7.8096023
