SuperMap iEarth/static/data/winds.json
{"header": {"discipline":0,"disciplineName":"Meteorological products","gribEdition":2,"gribLength":48230,"center":7,"centerName":"US National Weather Service - NCEP(WMC)","subcenter":0,"refTime":"2021-10-17T18:00:00.000Z","significanceOfRT":1,"significanceOfRTName":"Start of forecast","productStatus":0,"productStatusName":"Operational products","productType":1,"productTypeName":"Forecast products","productDefinitionTemplate":0,"productDefinitionTemplateName":"Analysis/forecast at horizontal level/layer at a point in time","parameterCategory":0,"parameterCategoryName":"Temperature","parameterNumber":0,"parameterNumberName":"Temperature","parameterUnit":"K","genProcessType":2,"genProcessTypeName":"Forecast","forecastTime":0,"surface1Type":1,"surface1TypeName":"Ground or water surface","surface1Value":0.0,"surface2Type":255,"surface2TypeName":"Missing","surface2Value":0.0,"gridDefinitionTemplate":0,"gridDefinitionTemplateName":"Latitude_Longitude","numberPoints":65160,"shape":6,"shapeName":"Earth spherical with radius of 6,371,229.0 m","gridUnits":"degrees","resolution":48,"winds":"true","scanMode":0,"nx":360,"ny":181,"basicAngle":0,"lo1":0.0,"la1":90.0,"lo2":359.0,"la2":-90.0,"dx":1.0,"dy":1.0}, "data":
[rows 0 to 26 of 181, columns 183 to 243 of 360]
254.43892,254.43892,254.43892,254.43892,254.43892,254.43892,254.43892,254.43892,254.43892,254.43892,254.43892,254.43892,254.43892,254.43892,254.43892,254.43892,254.43892,254.43892,254.43892,254.43892,254.43892,254.43892,254.43892,254.43892,254.43892,254.43892,254.43892,254.43892,254.43892,254.43892,254.43892,254.43892,254.43892,254.43892,254.43892,254.43892,254.43892,254.43892,254.43892,254.43892,254.43892,254.43892,254.43892,254.43892,254.43892,254.43892,254.43892,254.43892,254.43892,254.43892,254.43892,254.43892,254.43892,254.43892,254.43892,254.43892,254.43892,254.43892,254.43892,254.43892,254.43892
257.73892,257.73892,257.83893,257.83893,257.9389,257.9389,257.9389,257.9389,257.9389,257.9389,256.73892,256.73892,256.73892,256.73892,256.73892,257.0389,257.0389,257.0389,256.23892,256.23892,256.23892,256.23892,255.93892,255.93892,255.93892,255.93892,255.93892,255.03891,251.73892,251.73892,251.73892,251.73892,251.73892,251.73892,251.73892,251.73892,251.73892,254.63892,253.43892,253.43892,253.43892,253.43892,253.43892,252.63892,252.63892,252.63892,252.63892,252.23892,252.23892,252.23892,253.33891,253.33891,252.63892,252.63892,252.63892,249.13892,249.13892,249.13892,249.13892,249.13892,249.13892
258.73892,258.73892,258.9389,259.23892,259.23892,259.23892,259.0389,258.5389,258.5389,258.4389,258.5389,258.63892,258.63892,258.63892,258.63892,258.4389,258.4389,258.33893,258.23892,257.83893,257.73892,257.73892,257.73892,257.33893,257.13892,256.23892,255.93892,255.93892,255.93892,256.13892,256.13892,254.93892,254.93892,254.93892,256.23892,256.23892,257.13892,257.13892,257.13892,256.23892,255.53891,255.33891,254.83891,254.93892,254.93892,254.93892,254.83891,252.93892,252.53891,252.53891,252.63892,252.63892,253.83891,253.83891,254.23892,255.33891,255.33891,255.33891,254.03891,253.93892,253.93892
259.9389,259.9389,259.9389,259.83893,259.83893,258.5389,257.83893,257.83893,258.0389,258.0389,258.5389,258.5389,258.5389,257.5389,257.4389,257.4389,252.33891,251.53891,251.73892,252.13892,251.43892,254.13892,254.83891,251.73892,251.63892,251.53891,251.53891,251.83891,251.53891,251.53891,252.13892,255.53891,256.13892,256.0389,256.33893,256.5389,256.5389,256.9389,257.13892,257.13892,257.0389,257.13892,256.33893,255.93892,255.63892,255.43892,252.73892,252.13892,252.13892,251.93892,251.93892,251.93892,252.13892,252.13892,252.13892,252.13892,252.03891,251.63892,251.73892,251.93892,251.63892
259.23892,259.63892,259.9389,259.5389,257.73892,253.23892,252.83891,252.63892,252.33891,252.33891,252.13892,252.23892,252.23892,252.23892,252.23892,254.63892,255.33891,256.0389,257.33893,258.13892,258.23892,258.33893,258.9389,258.9389,258.83893,258.83893,257.13892,257.23892,255.73892,254.93892,253.43892,253.13892,253.43892,252.93892,253.33891,253.33891,252.93892,253.03891,252.93892,252.93892,252.63892,252.43892,252.43892,252.53891,254.03891,254.53891,255.43892,256.13892,256.13892,256.23892,254.73892,254.33891,253.93892,253.53891,253.83891,253.73892,253.33891,253.23892,253.13892,253.23892,253.33891
255.03891,255.63892,255.83891,255.93892,256.83893,256.83893,255.73892,255.33891,255.33891,255.13892,254.53891,254.53891,254.13892,255.33891,256.83893,257.23892,257.0389,257.4389,257.5389,256.33893,257.23892,257.33893,255.33891,255.33891,254.13892,254.03891,254.03891,253.83891,253.43892,252.93892,253.73892,252.83891,252.93892,253.13892,253.43892,253.63892,253.33891,255.53891,254.23892,257.23892,257.23892,257.83893,257.83893,258.23892,258.13892,258.5389,257.9389,257.83893,256.5389,255.03891,254.93892,254.73892,254.63892,254.23892,254.23892,254.03891,254.03891,254.03891,253.93892,253.63892,253.63892
254.93892,254.73892,254.33891,254.43892,253.73892,253.33891,253.13892,252.73892,254.33891,255.93892,256.0389,258.13892,257.83893,257.73892,257.5389,257.5389,257.4389,256.83893,257.0389,256.63892,256.83893,256.73892,256.73892,256.63892,257.0389,256.73892,256.73892,256.5389,256.5389,256.5389,256.5389,256.4389,256.33893,256.23892,256.0389,256.0389,255.83891,255.83891,255.93892,256.0389,255.73892,255.93892,255.83891,255.53891,255.63892,255.43892,255.23892,255.13892,255.03891,254.83891,254.83891,254.83891,254.63892,254.63892,254.23892,254.13892,254.03891,253.93892,253.63892,253.53891,253.33891
255.03891,255.03891,255.03891,254.63892,255.03891,255.33891,256.23892,256.83893,256.9389,257.5389,257.33893,257.23892,257.0389,257.0389,257.23892,257.23892,257.4389,257.23892,257.33893,257.33893,257.4389,257.83893,258.33893,258.0389,258.33893,257.73892,257.73892,257.4389,257.4389,257.9389,257.5389,257.33893,257.4389,257.0389,256.83893,256.73892,256.33893,256.13892,256.23892,255.73892,255.63892,255.33891,256.0389,255.83891,255.03891,255.13892,255.13892,255.13892,255.73892,255.43892,255.33891,255.13892,254.83891,255.03891,254.83891,254.43892,254.13892,253.93892,254.23892,253.93892,253.73892
257.23892,257.63892,258.0389,258.23892,258.5389,258.4389,258.13892,258.33893,258.5389,258.33893,258.63892,258.83893,258.9389,259.33893,259.4389,259.4389,259.5389,259.5389,259.63892,259.73892,259.73892,259.73892,259.73892,259.63892,259.33893,259.33893,259.23892,259.63892,259.83893,259.73892,259.5389,258.63892,258.5389,258.13892,257.9389,257.73892,257.63892,257.5389,257.33893,257.23892,257.33893,257.33893,257.13892,257.13892,257.33893,257.23892,257.5389,257.63892,257.5389,257.23892,257.4389,257.5389,257.5389,257.4389,257.63892,257.5389,257.63892,257.5389,257.33893,257.4389,256.9389
258.9389,259.23892,259.73892,259.83893,259.83893,259.9389,260.0389,260.13892,260.13892,260.23892,260.33893,260.33893,260.5389,260.4389,260.63892,260.63892,260.73892,260.73892,260.83893,260.83893,260.73892,260.63892,260.5389,260.4389,260.4389,260.33893,260.23892,260.13892,260.0389,260.0389,259.83893,260.0389,260.0389,260.0389,259.73892,259.9389,259.73892,259.5389,259.5389,259.33893,259.33893,259.63892,259.73892,259.63892,259.5389,259.73892,259.73892,259.73892,259.73892,259.73892,259.63892,259.73892,259.63892,259.4389,259.4389,259.4389,259.33893,259.33893,259.23892,259.5389,259.4389
260.13892,260.33893,260.4389,260.5389,260.63892,260.63892,260.9389,261.0389,260.9389,261.0389,261.23892,261.33893,261.33893,261.33893,262.0389,261.73892,261.23892,260.9389,260.83893,260.5389,260.63892,260.5389,260.5389,260.73892,260.63892,260.73892,260.73892,261.13892,260.83893,260.83893,260.9389,260.5389,260.23892,260.33893,260.13892,260.13892,260.0389,260.0389,260.0389,260.23892,260.4389,260.5389,260.73892,260.73892,260.83893,260.9389,260.9389,261.0389,261.13892,261.0389,261.23892,261.23892,261.23892,261.23892,261.13892,261.33893,261.33893,261.63892,261.73892,262.23892,262.9389
260.63892,260.9389,261.0389,261.23892,261.23892,261.33893,261.4389,261.4389,261.4389,261.33893,261.63892,261.83893,261.73892,261.83893,262.0389,262.0389,261.9389,261.5389,261.13892,261.13892,260.9389,260.73892,260.9389,260.9389,261.33893,261.33893,261.23892,261.23892,261.23892,261.5389,261.0389,260.73892,260.9389,261.13892,261.33893,261.4389,261.73892,261.73892,261.63892,261.5389,261.63892,261.4389,261.5389,261.83893,262.23892,262.73892,263.4389,263.73892,264.0389,264.4389,264.23892,264.13892,264.4389,263.63892,263.5389,262.33893,261.0389,261.23892,261.63892,262.0389,263.4389
260.73892,260.83893,261.13892,261.23892,261.23892,261.33893,261.4389,261.4389,261.33893,261.23892,261.4389,261.5389,261.83893,262.33893,262.4389,262.23892,262.4389,261.73892,261.33893,260.83893,260.83893,260.63892,260.63892,260.73892,260.4389,260.13892,259.9389,259.63892,259.13892,258.23892,257.4389,255.73892,254.53891,255.33891,254.13892,254.23892,254.73892,254.93892,254.73892,254.83891,255.33891,257.0389,261.4389,262.13892,263.33893,262.4389,261.5389,262.4389,263.33893,264.33893,264.63892,265.23892,266.23892,265.63892,265.73892,264.83893,262.33893,262.0389,264.4389,263.73892,265.63892
260.63892,260.83893,261.0389,261.13892,261.13892,261.13892,260.9389,261.13892,261.23892,261.33893,260.9389,260.9389,261.0389,260.4389,260.83893,260.83893,260.9389,261.13892,261.5389,261.73892,261.73892,261.5389,261.4389,261.5389,261.5389,261.4389,260.73892,259.83893,259.4389,258.9389,259.4389,259.9389,259.4389,258.9389,258.23892,256.83893,256.4389,256.63892,255.13892,253.83891,256.4389,254.43892,258.5389,254.53891,255.63892,257.83893,260.83893,260.63892,259.83893,261.23892,262.33893,263.83893,263.4389,261.9389,262.63892,263.73892,263.9389,263.73892,265.33893,265.73892,265.63892
260.0389,260.33893,260.33893,260.33893,260.23892,260.4389,260.23892,260.5389,260.5389,260.5389,260.23892,259.83893,259.83893,259.4389,259.23892,258.13892,258.0389,260.23892,259.83893,259.23892,258.63892,258.83893,258.5389,258.33893,256.83893,257.13892,258.13892,258.83893,257.4389,257.73892,258.83893,262.4389,258.0389,258.4389,258.33893,259.5389,261.13892,263.13892,263.9389,263.9389,263.63892,260.73892,255.23892,256.63892,260.73892,260.9389,260.9389,258.63892,260.0389,263.0389,264.9389,265.63892,266.0389,264.33893,264.73892,263.73892,261.0389,261.0389,264.23892,263.13892,264.63892
258.9389,259.23892,260.0389,259.63892,260.0389,260.13892,260.13892,260.4389,261.83893,262.33893,262.0389,262.33893,262.23892,262.4389,262.5389,262.4389,262.23892,262.33893,261.4389,260.13892,256.73892,255.33891,256.63892,260.63892,260.13892,259.4389,258.63892,259.23892,258.9389,261.5389,258.5389,261.5389,261.5389,259.63892,259.0389,259.13892,259.83893,260.4389,262.23892,264.33893,263.13892,264.23892,264.63892,264.33893,263.63892,257.9389,258.33893,259.63892,260.23892,262.0389,262.33893,264.13892,265.23892,265.63892,267.9389,269.0389,264.9389,268.23892,264.23892,264.23892,265.83893
253.83891,254.33891,254.33891,253.83891,255.33891,256.63892,257.83893,259.13892,262.13892,262.73892,263.23892,263.73892,263.33893,263.5389,263.33893,263.23892,261.9389,260.73892,260.23892,258.13892,258.0389,256.83893,258.63892,259.5389,258.63892,257.83893,257.4389,259.13892,259.63892,259.9389,260.4389,263.13892,264.33893,264.4389,263.63892,263.4389,263.4389,263.5389,264.0389,264.63892,264.63892,264.83893,264.73892,262.33893,265.33893,265.0389,263.33893,261.33893,266.0389,269.73892,271.4389,272.0389,272.0389,264.5389,265.5389,265.4389,265.5389,264.9389,267.63892,263.0389,265.9389
255.43892,258.9389,259.83893,258.63892,256.0389,257.63892,258.0389,259.9389,265.13892,269.33893,267.5389,263.5389,263.73892,263.63892,264.33893,265.0389,267.23892,272.0389,272.13892,272.0389,271.9389,269.83893,265.23892,262.23892,263.83893,262.83893,262.4389,262.63892,262.83893,264.0389,261.5389,264.33893,263.4389,264.13892,261.0389,263.4389,266.23892,266.13892,264.83893,263.83893,263.33893,261.63892,261.63892,260.5389,261.0389,262.9389,266.23892,268.13892,272.13892,272.13892,272.5389,272.73892,272.5389,267.23892,265.83893,265.63892,265.13892,266.5389,267.23892,268.9389,268.63892
269.4389,270.5389,272.63892,272.23892,272.13892,272.33893,272.33893,272.33893,272.4389,272.5389,272.73892,269.0389,268.73892,267.13892,267.23892,271.73892,271.73892,271.73892,271.83893,272.0389,272.0389,272.0389,271.9389,271.73892,271.73892,271.4389,271.4389,268.5389,266.13892,266.23892,265.73892,265.4389,265.73892,264.0389,265.4389,266.13892,267.9389,267.9389,268.23892,268.4389,267.9389,267.23892,266.83893,263.13892,264.4389,266.63892,269.0389,270.13892,272.23892,272.73892,273.23892,273.4389,268.23892,267.5389,263.83893,263.73892,264.4389,273.5389,273.4389,267.4389,267.83893
272.73892,273.13892,273.5389,273.73892,273.73892,273.73892,273.5389,273.33893,273.4389,273.33893,273.33893,273.23892,272.9389,272.73892,272.63892,272.5389,272.83893,272.83893,272.73892,272.63892,265.73892,259.73892,259.23892,271.9389,269.4389,271.73892,271.63892,271.4389,271.33893,271.33893,271.33893,271.4389,271.5389,271.5389,271.0389,271.5389,271.33893,271.13892,270.73892,271.63892,271.5389,271.5389,271.5389,271.83893,271.9389,271.9389,272.13892,272.33893,272.5389,272.83893,273.23892,273.4389,273.5389,273.73892,273.73892,273.63892,273.4389,273.4389,273.73892,269.5389,268.4389
273.4389,273.63892,274.0389,274.4389,274.83893,274.83893,274.63892,274.73892,274.83893,274.83893,274.9389,274.73892,274.23892,273.83893,273.83893,259.23892,261.5389,252.03891,251.83891,254.73892,258.0389,257.9389,256.9389,258.0389,259.9389,258.63892,259.4389,259.0389,259.4389,260.23892,258.63892,259.13892,260.23892,261.83893,257.83893,271.23892,271.23892,271.4389,271.4389,271.63892,271.73892,271.83893,272.13892,272.33893,272.4389,272.5389,272.33893,271.0389,273.0389,271.0389,271.33893,273.63892,273.83893,273.73892,273.73892,273.73892,273.5389,273.13892,273.23892,273.63892,271.83893
273.33893,273.0389,273.33893,274.0389,274.5389,274.83893,275.0389,275.13892,275.33893,275.4389,275.5389,275.0389,274.4389,269.23892,249.83891,250.13892,253.43892,254.43892,253.73892,254.63892,253.53891,252.93892,253.63892,253.93892,252.93892,251.23892,250.23892,250.03891,249.13892,251.23892,253.83891,251.43892,250.33891,251.33891,251.83891,251.43892,255.93892,255.43892,255.33891,253.23892,264.33893,264.33893,263.0389,261.13892,272.73892,269.4389,270.83893,270.5389,267.73892,269.33893,270.0389,268.13892,268.73892,268.13892,267.4389,265.4389,265.73892,267.23892,268.73892,271.33893,274.13892
254.83891,269.13892,273.5389,273.33893,273.73892,274.13892,274.4389,274.5389,274.63892,274.83893,275.0389,275.0389,274.33893,261.0389,259.73892,258.33893,249.83891,252.13892,252.43892,251.23892,247.33891,247.23892,248.03891,250.93892,253.23892,253.53891,251.13892,252.33891,253.63892,257.0389,259.4389,259.83893,257.73892,259.4389,256.83893,256.23892,254.83891,254.13892,251.33891,254.73892,254.93892,259.63892,266.73892,267.63892,265.4389,261.33893,262.63892,266.0389,270.9389,269.23892,268.83893,266.9389,266.33893,263.9389,263.23892,266.5389,267.0389,265.83893,269.23892,270.4389,270.4389
252.23892,252.23892,257.9389,268.33893,273.5389,273.73892,273.5389,274.13892,274.9389,275.23892,275.33893,275.5389,275.63892,275.13892,268.4389,272.9389,262.13892,262.83893,263.13892,263.5389,263.83893,259.63892,260.63892,260.33893,263.5389,264.83893,266.23892,261.33893,260.23892,262.63892,265.5389,266.0389,265.13892,264.33893,263.63892,261.83893,257.4389,256.13892,258.5389,257.63892,255.13892,256.23892,262.13892,266.83893,266.0389,264.5389,266.23892,268.9389,268.5389,267.4389,268.9389,271.83893,265.83893,265.4389,266.9389,267.83893,269.63892,271.9389,271.9389,270.73892,269.23892
259.5389,258.73892,255.63892,257.13892,259.83893,262.73892,264.4389,270.0389,275.13892,276.0389,275.83893,266.0389,264.9389,267.33893,268.33893,271.4389,263.4389,263.0389,263.63892,263.9389,265.4389,267.23892,265.73892,265.83893,265.33893,264.0389,263.33893,266.5389,267.0389,264.4389,264.0389,264.23892,263.33893,261.13892,261.83893,260.5389,261.23892,254.93892,258.23892,257.13892,259.4389,258.5389,260.63892,260.83893,261.13892,261.83893,259.5389,263.33893,264.23892,265.5389,265.9389,265.33893,266.83893,269.23892,271.73892,276.5389,277.0389,277.0389,276.9389,272.83893,272.33893
275.0389,274.9389,263.13892,261.23892,257.13892,274.0389,274.13892,274.4389,275.13892,275.9389,276.33893,266.0389,264.9389,265.4389,265.83893,266.13892,266.9389,264.63892,264.73892,267.13892,267.5389,265.9389,264.83893,267.83893,267.13892,267.63892,267.83893,267.63892,267.63892,267.4389,263.5389,259.5389,258.33893,256.4389,260.63892,263.63892,262.0389,256.63892,259.0389,258.33893,258.13892,260.0389,262.63892,260.5389,259.23892,259.0389,260.23892,258.73892,259.5389,261.9389,268.9389,267.4389,269.33893,268.63892,272.13892,274.73892,277.33893,273.23892,273.63892,273.5389,272.9389
276.33893,276.33893,276.0389,275.83893,275.5389,275.33893,275.23892,275.4389,275.73892,276.13892,276.5389,276.83893,277.0389,277.0389,277.13892,276.9389,276.23892,269.33893,268.9389,268.83893,268.9389,268.83893,267.23892,267.5389,266.0389,267.5389,264.0389,262.0389,263.83893,262.9389,262.63892,266.73892,267.4389,262.9389,266.4389,267.23892,262.13892,268.9389,269.0389,268.9389,263.9389,267.4389,264.5389,269.13892,267.9389,259.63892,254.13892,255.83891,258.73892,260.23892,262.83893,265.4389,270.4389,269.23892,271.23892,270.4389,269.83893,270.63892,271.4389,272.13892,274.5389
