static/data/2021101400.json
{"header": {"discipline":0,"disciplineName":"Meteorological products","gribEdition":2,"gribLength":78033,"center":7,"centerName":"US National Weather Service - NCEP(WMC)","subcenter":0,"refTime":"2021-10-14T00:00:00.000Z","significanceOfRT":1,"significanceOfRTName":"Start of forecast","productStatus":0,"productStatusName":"Operational products","productType":1,"productTypeName":"Forecast products","productDefinitionTemplate":0,"productDefinitionTemplateName":"Analysis/forecast at horizontal level/layer at a point in time","parameterCategory":2,"parameterCategoryName":"Momentum","parameterNumber":2,"parameterNumberName":"U-component_of_wind","parameterUnit":"m.s-1","genProcessType":2,"genProcessTypeName":"Forecast","forecastTime":0,"surface1Type":103,"surface1TypeName":"Specified height level above ground","surface1Value":10.0,"surface2Type":255,"surface2TypeName":"Missing","surface2Value":0.0,"gridDefinitionTemplate":0,"gridDefinitionTemplateName":"Latitude_Longitude","numberPoints":65160,"shape":6,"shapeName":"Earth spherical with radius of 6,371,229.0 m","gridUnits":"degrees","resolution":48,"winds":"true","scanMode":0,"nx":360,"ny":181,"basicAngle":0,"lo1":0.0,"la1":90.0,"lo2":359.0,"la2":-90.0,"dx":1.0,"dy":1.0}, "data":
[rows 130 to 155 of 181, columns 59 to 117 of 360]
9.598103,10.278103,10.198103,10.208103,10.618103,11.738103,10.8881035,11.128103,11.178103,13.508103,14.268103,13.328103,13.068103,12.548103,11.718103,11.8881035,10.898103,9.458103,10.178103,9.3881035,9.278103,8.848103,8.518103,8.088103,7.918103,7.528103,6.868103,6.698103,6.408103,6.018103,6.478103,6.478103,5.328103,5.558103,4.608103,3.868103,3.5081031,2.428103,2.578103,2.5081031,1.658103,0.648103,4.838103,4.8781033,5.668103,5.338103,5.018103,5.058103,4.568103,3.598103,3.628103,3.088103,2.948103,3.328103,3.178103,2.938103,2.238103,2.908103,3.478103
8.098103,8.968103,10.408103,11.028103,12.258103,11.998103,12.3881035,12.628103,11.588103,12.118103,12.228103,13.918103,14.488103,13.238103,11.628103,12.698103,12.598103,11.748103,10.848103,10.528103,10.308103,9.998103,9.268103,9.398103,9.078103,8.808103,8.018103,7.778103,7.788103,7.468103,7.608103,7.948103,7.308103,6.958103,6.438103,6.1281033,5.688103,4.908103,4.718103,3.738103,4.048103,2.418103,1.598103,1.1981031,6.038103,5.898103,5.528103,5.648103,5.268103,4.938103,4.718103,3.818103,3.648103,3.708103,4.6281033,4.208103,4.188103,3.968103,4.408103
2.968103,3.618103,7.148103,9.448103,10.8881035,10.928103,11.938103,11.848103,12.408103,12.748103,11.968103,11.348103,12.848103,13.368103,13.698103,12.458103,12.578103,12.488103,12.098103,11.558103,11.438103,10.648103,10.448103,11.288103,11.228103,9.878103,9.398103,8.578103,8.698103,7.758103,8.978103,8.768103,8.588103,8.068103,7.928103,7.368103,7.308103,7.138103,6.578103,5.988103,4.708103,3.788103,5.248103,5.298103,6.668103,4.528103,6.468103,7.108103,6.468103,6.098103,5.888103,4.898103,5.468103,4.828103,5.448103,4.768103,5.188103,5.198103,5.188103
2.428103,1.138103,3.048103,2.578103,4.078103,9.158103,10.518103,10.778103,11.748103,12.218103,10.648103,11.268103,10.678103,11.618103,12.6381035,15.058103,13.038103,12.218103,12.478103,10.828103,12.3881035,11.818103,11.338103,11.548103,11.128103,10.158103,10.398103,9.948103,9.768103,8.778103,9.198103,9.628103,9.438103,8.818103,9.038103,8.6381035,8.618103,7.988103,8.148103,7.488103,6.928103,6.278103,4.808103,5.668103,6.118103,5.818103,5.898103,5.668103,7.6281033,7.608103,6.928103,6.908103,6.738103,6.198103,6.218103,5.708103,5.588103,5.998103,6.218103
2.188103,2.288103,1.228103,0.21810302,-2.0018969,-2.551897,-3.091897,-3.461897,0.088103026,5.718103,3.738103,6.528103,5.188103,6.918103,10.268103,13.178103,14.418103,14.588103,13.058103,12.468103,12.3881035,11.728103,11.868103,11.308103,11.418103,11.358103,10.738103,10.798103,10.208103,9.738103,9.308103,9.958103,9.478103,9.538103,9.298103,9.198103,9.458103,9.468103,8.8881035,8.6381035,8.078103,6.908103,6.778103,6.838103,5.248103,4.558103,5.178103,6.208103,8.998103,7.668103,8.598103,8.158103,7.338103,7.188103,6.838103,6.108103,5.848103,5.838103,6.318103
1.9581031,1.488103,1.028103,0.24810302,-0.77189696,-2.791897,-3.711897,-4.981897,-6.291897,-5.491897,-6.721897,-5.571897,-3.051897,-2.891897,-2.611897,-2.901897,5.558103,12.8881035,14.738103,12.458103,11.528103,10.398103,10.968103,10.948103,12.168103,12.708103,12.248103,11.658103,12.018103,11.568103,10.668103,10.008103,10.278103,10.878103,10.208103,8.708103,9.458103,9.8881035,10.228103,9.958103,9.1381035,8.198103,7.578103,7.478103,6.708103,4.468103,3.578103,4.708103,3.558103,4.648103,9.228103,9.818103,8.588103,7.578103,7.328103,7.408103,6.768103,6.078103,5.938103
1.908103,1.728103,1.648103,0.678103,-0.021896973,-1.5518969,-2.611897,-3.551897,-3.871897,-4.441897,-4.391897,-3.711897,-3.7318969,-4.811897,-4.981897,-6.201897,-7.081897,-7.031897,-8.671897,-8.6118965,-4.881897,-1.871897,0.83810306,5.618103,13.238103,12.228103,13.558103,13.478103,13.358103,12.908103,11.678103,10.918103,10.728103,11.448103,11.378103,10.288103,9.398103,9.598103,10.348103,10.678103,10.1381035,9.598103,7.948103,5.748103,7.358103,5.928103,5.218103,3.7681031,4.848103,4.248103,3.368103,7.798103,8.128103,8.028103,7.748103,7.208103,6.898103,6.938103,6.468103
3.708103,2.978103,2.348103,1.1881031,0.91810304,-0.35189697,-1.271897,-1.501897,-2.2318969,-2.851897,-3.081897,-4.791897,-4.601897,-4.431897,-4.711897,-4.961897,-5.251897,-5.081897,-5.151897,-4.061897,-3.331897,-1.531897,-0.27189696,0.768103,1.598103,2.978103,2.148103,3.898103,5.418103,12.488103,11.1381035,12.068103,11.978103,12.918103,11.648103,11.548103,9.548103,9.668103,9.688103,11.478103,10.708103,10.418103,8.538103,6.898103,5.968103,5.6281033,7.008103,5.608103,4.408103,3.718103,1.418103,-2.331897,5.1281033,7.348103,6.828103,6.618103,6.208103,5.988103,6.468103
5.308103,5.418103,3.708103,3.348103,3.868103,3.238103,2.2581031,1.6881031,0.72810304,-0.33189696,-0.29189697,-0.981897,-1.361897,-0.89189696,-0.931897,-0.77189696,-0.851897,-0.991897,-1.351897,-0.17189698,0.32810304,1.528103,2.108103,2.608103,3.458103,3.568103,2.848103,2.298103,2.718103,2.908103,2.828103,3.608103,4.498103,6.068103,7.048103,7.508103,9.078103,9.648103,9.738103,10.248103,11.148103,10.8881035,9.068103,8.208103,6.238103,6.148103,6.478103,5.938103,3.778103,3.588103,0.97810304,-1.491897,-3.651897,-4.961897,-6.171897,-5.301897,-0.45189697,4.738103,5.678103
6.1281033,5.428103,5.448103,4.938103,4.558103,4.228103,3.928103,3.438103,3.458103,2.928103,4.1281033,3.188103,2.778103,2.898103,3.138103,3.648103,3.388103,3.888103,3.488103,3.118103,3.548103,3.638103,4.068103,4.708103,6.358103,5.318103,3.688103,3.138103,2.958103,3.928103,4.638103,5.218103,6.318103,7.598103,9.008103,9.228103,10.648103,12.458103,11.828103,11.488103,11.808103,10.398103,8.288103,7.228103,7.148103,5.228103,5.108103,5.038103,3.198103,2.848103,2.358103,0.818103,-1.771897,-1.991897,-4.021897,-3.621897,-3.351897,-2.661897,-2.321897
7.438103,7.538103,7.398103,7.428103,7.048103,6.908103,6.708103,6.728103,6.918103,6.828103,5.098103,5.558103,6.688103,6.658103,6.988103,6.588103,6.458103,6.478103,7.488103,7.328103,6.568103,6.268103,5.648103,6.568103,7.268103,7.948103,6.478103,4.758103,5.188103,5.258103,4.698103,5.348103,6.818103,7.768103,9.148103,10.6381035,11.678103,14.348103,13.878103,12.288103,12.188103,9.528103,8.588103,8.028103,6.718103,4.518103,4.038103,3.888103,2.5181031,2.148103,2.448103,2.228103,0.748103,0.85810304,0.688103,-0.59189695,-0.76189697,-1.761897,-2.071897
8.768103,8.718103,8.818103,7.528103,7.418103,7.638103,7.508103,7.178103,7.468103,7.508103,7.678103,7.948103,8.788103,10.318103,9.848103,9.328103,8.718103,8.648103,8.018103,7.638103,9.608103,9.038103,8.098103,7.428103,8.058103,7.948103,7.868103,4.298103,3.708103,4.108103,4.568103,4.608103,3.688103,3.338103,5.3781033,8.868103,10.788103,13.788103,12.088103,12.438103,10.088103,9.798103,10.648103,7.068103,4.458103,4.228103,3.298103,2.7581031,1.9481031,1.968103,2.628103,2.2481031,1.678103,0.888103,1.168103,0.84810305,1.0681031,1.378103,1.5581031
8.768103,9.188103,8.228103,8.378103,8.438103,7.838103,8.078103,8.328103,8.498103,8.738103,8.938103,8.958103,9.718103,9.858103,10.148103,10.058103,11.738103,11.668103,10.028103,9.408103,8.898103,9.028103,8.878103,7.918103,7.468103,6.268103,8.528103,5.398103,5.568103,5.658103,5.348103,5.218103,5.6281033,6.188103,6.068103,6.078103,7.508103,11.368103,10.708103,10.528103,10.228103,10.198103,5.908103,5.328103,3.198103,2.828103,3.798103,1.988103,1.218103,1.118103,2.2681031,2.478103,2.068103,2.178103,2.5181031,2.468103,2.318103,2.598103,3.038103
8.648103,8.108103,8.698103,9.468103,8.258103,8.328103,9.048103,8.858103,9.258103,9.528103,10.368103,10.758103,10.908103,11.078103,10.558103,10.918103,10.188103,11.598103,13.088103,9.958103,9.578103,8.478103,8.418103,8.328103,7.898103,7.808103,6.238103,5.038103,7.408103,7.258103,6.408103,6.168103,5.018103,5.258103,5.708103,6.488103,5.898103,6.958103,10.738103,9.6381035,8.768103,7.1281033,6.598103,5.148103,1.278103,1.378103,2.728103,2.098103,0.96810305,1.398103,2.588103,2.938103,3.208103,2.798103,2.738103,3.228103,3.788103,3.708103,4.068103
8.798103,8.768103,9.688103,8.808103,8.528103,8.948103,9.058103,9.268103,9.568103,10.588103,9.558103,10.358103,11.848103,11.978103,12.268103,11.798103,11.628103,11.358103,11.168103,11.228103,9.668103,9.968103,9.678103,9.898103,9.268103,9.588103,9.028103,8.738103,8.928103,9.108103,7.008103,5.418103,4.048103,3.7581031,4.718103,4.898103,4.458103,5.838103,9.278103,9.318103,9.768103,7.948103,5.558103,0.30810302,-1.961897,-0.921897,0.27810302,0.638103,0.77810305,1.428103,2.588103,2.888103,3.388103,4.038103,4.698103,4.608103,4.6281033,4.718103,5.228103
9.228103,9.228103,9.408103,9.108103,9.408103,8.868103,9.548103,10.318103,9.308103,9.908103,11.028103,10.838103,11.768103,12.608103,11.918103,13.038103,12.018103,12.058103,11.858103,11.618103,10.398103,10.258103,10.178103,10.128103,9.348103,8.748103,7.458103,8.178103,8.988103,11.548103,8.978103,5.198103,4.318103,3.208103,3.2681031,3.598103,2.048103,3.2481031,6.448103,9.508103,5.318103,-1.111897,-4.261897,-5.341897,-4.111897,-2.371897,-0.71189696,1.3281031,1.1981031,1.9381031,2.988103,3.478103,3.7681031,4.478103,4.658103,6.058103,6.438103,6.618103,6.938103
9.998103,9.548103,9.468103,9.308103,9.178103,9.608103,9.158103,10.028103,9.688103,9.948103,10.878103,10.558103,11.228103,11.878103,12.078103,11.948103,11.788103,12.548103,11.218103,10.518103,10.358103,8.918103,8.168103,7.848103,7.468103,9.318103,9.148103,10.698103,10.958103,11.158103,9.348103,4.778103,4.468103,3.918103,3.428103,3.728103,2.908103,0.768103,1.048103,-1.601897,-8.291897,-8.871897,-7.691897,-5.681897,-3.851897,-2.831897,-0.611897,2.088103,3.738103,2.858103,3.858103,4.718103,4.648103,5.198103,6.768103,7.208103,7.438103,7.848103,8.228103
8.608103,9.098103,9.098103,8.218103,9.218103,9.818103,9.378103,9.628103,9.608103,10.308103,9.588103,8.418103,11.958103,10.928103,10.508103,9.438103,10.408103,11.978103,9.088103,8.498103,9.748103,8.568103,6.338103,5.868103,5.818103,7.968103,10.778103,12.198103,11.708103,10.928103,8.798103,5.848103,4.468103,4.418103,4.968103,4.958103,4.178103,2.678103,0.13810302,-1.331897,-3.601897,-6.3718967,-5.651897,-3.771897,-1.781897,0.698103,1.338103,1.748103,3.7581031,4.658103,5.398103,5.768103,6.448103,6.948103,8.028103,8.488103,8.728103,8.868103,9.118103
7.738103,6.808103,3.988103,7.968103,10.698103,9.238103,9.578103,10.468103,10.768103,10.038103,10.588103,9.718103,6.738103,4.928103,5.508103,7.328103,7.698103,6.548103,7.188103,6.498103,5.998103,5.118103,2.738103,0.518103,3.928103,5.508103,5.038103,11.198103,11.088103,13.408103,8.238103,3.888103,2.288103,5.348103,6.278103,6.238103,5.528103,4.578103,4.228103,2.388103,0.23810303,-1.211897,-0.561897,-0.27189696,-0.16189697,0.898103,2.428103,4.228103,5.938103,7.608103,8.018103,8.418103,8.718103,8.908103,9.268103,9.488103,10.118103,10.598103,10.838103
2.618103,4.648103,2.658103,3.578103,9.528103,7.908103,6.8781033,8.178103,6.138103,6.668103,6.288103,5.598103,6.198103,6.918103,6.908103,6.808103,5.138103,3.138103,1.898103,2.628103,3.458103,2.698103,1.1981031,2.178103,2.408103,2.868103,3.158103,1.598103,1.928103,-0.38189697,0.85810304,3.308103,5.258103,5.188103,5.1281033,3.5081031,0.008103027,0.648103,4.918103,5.238103,5.358103,3.948103,3.398103,3.238103,3.438103,3.488103,3.798103,4.028103,5.088103,5.958103,6.988103,7.808103,8.588103,9.258103,10.158103,10.558103,10.628103,11.208103,11.478103
2.5181031,3.198103,3.448103,5.228103,7.148103,7.258103,7.098103,6.908103,5.948103,6.258103,7.118103,6.818103,7.578103,7.3781033,4.148103,2.558103,3.648103,4.268103,6.828103,6.798103,2.198103,0.52810305,0.78810304,1.668103,4.728103,6.158103,6.968103,4.718103,4.688103,4.668103,4.238103,3.798103,4.278103,1.9481031,1.338103,2.238103,4.098103,4.538103,5.458103,3.328103,1.848103,2.408103,3.338103,3.538103,4.888103,7.788103,7.838103,7.968103,7.468103,9.048103,9.608103,10.058103,10.068103,9.978103,10.098103,10.568103,11.098103,11.508103,11.328103
3.688103,4.728103,5.698103,6.118103,6.088103,6.358103,6.988103,7.498103,7.058103,7.168103,8.168103,7.908103,7.688103,7.248103,7.288103,7.788103,7.448103,6.278103,6.418103,5.228103,5.718103,3.278103,1.498103,2.948103,5.788103,7.858103,4.288103,5.768103,3.458103,5.558103,6.648103,5.818103,3.548103,3.458103,4.688103,5.458103,5.778103,4.518103,4.288103,5.608103,7.178103,6.048103,4.828103,6.138103,4.908103,8.528103,8.418103,8.588103,8.008103,8.588103,7.948103,8.528103,9.298103,7.898103,7.818103,8.278103,10.438103,12.048103,11.098103
5.528103,5.538103,6.098103,6.178103,6.498103,6.768103,7.108103,7.678103,7.668103,7.748103,8.148103,7.818103,7.318103,7.868103,7.858103,7.758103,7.728103,7.6281033,7.458103,6.888103,5.708103,4.898103,4.148103,4.658103,7.568103,5.838103,6.108103,6.138103,6.738103,7.318103,7.778103,7.298103,7.558103,8.748103,9.088103,8.428103,7.3781033,7.988103,8.598103,7.808103,7.648103,5.798103,3.108103,4.708103,4.088103,3.728103,3.278103,3.478103,3.388103,3.698103,3.2581031,4.108103,4.8781033,5.298103,7.338103,7.468103,8.238103,6.888103,8.608103
6.568103,6.798103,6.848103,6.768103,6.458103,6.808103,7.278103,7.488103,7.778103,7.908103,8.338103,8.498103,8.708103,7.798103,7.258103,7.008103,6.468103,5.838103,5.428103,5.498103,6.278103,4.548103,5.518103,6.578103,7.198103,7.448103,7.188103,6.238103,5.828103,5.618103,4.968103,4.758103,4.418103,5.218103,2.348103,1.1881031,0.77810305,1.028103,0.42810303,0.36810303,-0.19189698,-0.18189697,0.83810306,0.27810302,2.898103,2.908103,2.4981031,2.238103,2.388103,2.948103,3.2681031,3.448103,3.348103,4.398103,4.548103,4.578103,4.068103,3.418103,3.798103
7.398103,7.648103,7.498103,7.648103,7.768103,7.738103,7.948103,7.948103,8.368103,8.348103,8.208103,8.228103,7.468103,7.448103,7.458103,7.048103,6.648103,6.278103,5.718103,4.958103,4.8781033,5.458103,5.718103,6.318103,5.738103,4.708103,4.158103,3.658103,3.638103,4.048103,5.158103,4.558103,5.958103,2.588103,2.718103,2.718103,3.898103,2.5181031,2.608103,2.358103,2.168103,2.228103,2.818103,3.418103,2.828103,2.398103,1.248103,1.638103,2.2581031,2.798103,3.568103,3.938103,3.128103,2.928103,3.338103,3.0181031,2.808103,3.078103,2.868103
8.178103,8.038103,8.208103,8.228103,8.118103,8.068103,7.988103,7.678103,7.418103,7.408103,7.108103,7.238103,6.898103,5.818103,5.808103,6.258103,6.038103,5.988103,5.188103,5.158103,5.468103,5.238103,5.848103,6.168103,6.428103,6.978103,7.238103,7.238103,7.138103,6.838103,6.318103,5.858103,5.488103,4.568103,3.348103,3.578103,4.068103,3.888103,3.458103,2.958103,2.448103,2.398103,2.838103,2.868103,2.728103,2.798103,3.308103,3.238103,3.698103,4.6281033,5.218103,3.7581031,2.838103,2.218103,2.2581031,2.5081031,2.148103,2.108103,2.218103
