static/data/2021101400.json
{"header": {"discipline":0,"disciplineName":"Meteorological products","gribEdition":2,"gribLength":78482,"center":7,"centerName":"US National Weather Service - NCEP(WMC)","subcenter":0,"refTime":"2021-10-14T00:00:00.000Z","significanceOfRT":1,"significanceOfRTName":"Start of forecast","productStatus":0,"productStatusName":"Operational products","productType":1,"productTypeName":"Forecast products","productDefinitionTemplate":0,"productDefinitionTemplateName":"Analysis/forecast at horizontal level/layer at a point in time","parameterCategory":2,"parameterCategoryName":"Momentum","parameterNumber":3,"parameterNumberName":"V-component_of_wind","parameterUnit":"m.s-1","genProcessType":2,"genProcessTypeName":"Forecast","forecastTime":0,"surface1Type":103,"surface1TypeName":"Specified height level above ground","surface1Value":10.0,"surface2Type":255,"surface2TypeName":"Missing","surface2Value":0.0,"gridDefinitionTemplate":0,"gridDefinitionTemplateName":"Latitude_Longitude","numberPoints":65160,"shape":6,"shapeName":"Earth spherical with radius of 6,371,229.0 m","gridUnits":"degrees","resolution":48,"winds":"true","scanMode":0,"nx":360,"ny":181,"basicAngle":0,"lo1":0.0,"la1":90.0,"lo2":359.0,"la2":-90.0,"dx":1.0,"dy":1.0}, "data":
[rows 26 to 51 of 181, columns 236 to 294 of 360]
-0.14789307,-1.6178931,-0.36789307,3.3121068,3.932107,4.902107,6.132107,6.152107,6.132107,6.852107,7.782107,8.272107,6.902107,8.232107,6.1721067,4.592107,5.622107,6.252107,5.862107,5.452107,7.232107,6.392107,7.652107,8.702106,8.362107,8.072107,7.4421067,7.862107,7.402107,7.292107,5.132107,3.8321068,3.902107,2.722107,0.49210694,-1.447893,-1.6178931,-1.817893,-0.96789306,-1.9878931,-1.937893,-2.387893,-0.97789305,-0.9478931,-2.2178931,-2.4178932,-2.1978931,-2.277893,-1.8478931,-2.277893,-2.4578931,-2.4178932,-0.46789306,-0.47789305,-0.67789304,-1.057893,-1.7678931,-2.567893,-1.0278931
0.33210695,0.53210694,3.602107,5.492107,4.142107,5.992107,6.982107,4.9221067,4.222107,6.242107,7.112107,6.4221067,5.9421067,5.832107,3.942107,4.992107,7.302107,6.062107,6.592107,6.402107,7.4621067,7.892107,9.262107,9.812107,7.582107,7.412107,7.662107,6.082107,4.972107,5.972107,4.972107,4.282107,3.012107,0.96210694,0.91210693,-0.54789305,-1.7178931,-2.507893,-2.9078932,-2.577893,-2.597893,-2.287893,-0.78789306,-1.567893,-0.78789306,-0.11789307,-0.40789306,-0.29789308,-0.96789306,-2.257893,-2.6978931,-3.757893,-4.657893,-1.537893,-3.787893,-3.267893,-1.6278931,-5.087893,-4.007893
2.932107,3.8221068,4.072107,3.732107,5.162107,3.982107,5.882107,4.1921067,3.902107,5.6721067,9.552107,7.112107,8.512107,5.4421067,5.612107,7.132107,7.132107,6.822107,7.732107,8.072107,8.812107,7.472107,7.632107,6.952107,7.202107,7.092107,4.6921067,4.802107,4.312107,5.002107,4.402107,5.642107,3.742107,2.212107,0.5621069,-0.9578931,-1.817893,-2.827893,-3.607893,-3.9378932,-3.9278932,-3.9378932,-4.087893,-1.587893,-0.40789306,-1.2778931,-1.4678931,-0.66789305,-0.42789307,-1.2778931,-1.207893,-0.23789306,-5.667893,-5.987893,-6.047893,-7.027893,-6.247893,-0.047893066,-3.6578932
1.8521069,4.552107,4.332107,3.462107,3.702107,4.412107,4.162107,3.122107,6.662107,6.9621067,4.012107,3.102107,4.412107,5.352107,5.9221067,8.092107,6.832107,7.742107,7.702107,7.342107,7.2121067,7.622107,6.202107,6.562107,5.782107,4.612107,4.322107,4.042107,4.222107,4.592107,5.592107,4.7121067,2.862107,2.212107,0.6821069,-1.1578931,-2.397893,-2.887893,-3.567893,-4.447893,-3.817893,-4.027893,-3.547893,-3.4278932,-1.8478931,-2.637893,-2.357893,-2.387893,-2.757893,-2.6778932,-2.637893,-3.2078931,-0.71789306,-4.157893,-5.717893,-7.367893,-7.087893,-5.977893,-3.997893
1.1421069,3.372107,3.252107,3.852107,4.092107,4.252107,4.362107,3.3121068,4.642107,2.362107,3.3121068,3.8421068,3.742107,4.542107,5.142107,5.592107,6.312107,6.822107,7.2121067,5.112107,5.762107,5.262107,5.042107,4.732107,5.2121067,4.642107,4.162107,3.952107,3.712107,3.0921068,2.612107,1.6021069,0.77210695,-0.38789308,-0.9378931,-1.7378931,-2.297893,-3.337893,-4.0378933,-4.417893,-4.147893,-3.2178931,-2.387893,-4.717893,-4.417893,-4.517893,-4.187893,-2.817893,-3.487893,-3.797893,-2.9678931,-2.4678931,-1.6278931,2.212107,-2.057893,-6.337893,-5.437893,-5.2878933,-3.807893
1.552107,1.8721069,2.922107,1.932107,1.822107,1.9921069,3.0921068,3.3421068,6.182107,3.492107,2.352107,2.0621068,3.922107,4.372107,6.952107,6.732107,6.452107,5.4421067,3.3421068,3.922107,4.2121067,6.102107,4.2121067,4.362107,3.632107,2.932107,3.132107,2.472107,2.5421069,1.582107,2.752107,1.4721069,0.7421069,-0.067893066,-0.7678931,-1.787893,-2.117893,-2.897893,-2.397893,-3.257893,-3.637893,-5.187893,-4.847893,-5.197893,-5.317893,-5.127893,-4.357893,-3.767893,-4.117893,-3.027893,-2.807893,-2.577893,-2.487893,-1.5278931,0.45210692,-2.237893,-3.767893,-4.987893,-6.347893
1.922107,2.352107,2.742107,3.862107,4.292107,4.152107,1.942107,3.742107,3.142107,2.602107,3.172107,5.112107,3.992107,4.392107,5.092107,6.332107,5.572107,3.272107,3.682107,2.992107,2.5521069,1.9921069,2.3221068,2.392107,1.7621069,0.76210696,0.29210693,0.012106934,-0.107893065,-0.7578931,-0.24789307,-0.6978931,-0.35789308,0.40210694,-0.25789306,-0.55789304,-1.5078931,-2.9078932,-3.277893,-4.0378933,-4.5578933,-5.117893,-5.407893,-5.5578933,-5.427893,-5.917893,-7.467893,-3.6778932,-2.9078932,-3.057893,-2.6778932,-2.6678932,-2.1878932,-0.86789304,-0.6478931,-2.757893,-3.537893,-4.707893,-3.9578931
2.8021069,1.542107,3.992107,4.822107,4.812107,3.8121068,3.412107,3.0921068,2.972107,2.762107,2.102107,2.682107,2.712107,3.362107,4.262107,3.942107,3.3021069,2.972107,3.102107,3.242107,2.5821068,1.4021069,2.862107,-0.53789306,0.05210693,0.14210694,-0.5778931,-1.4878931,-1.677893,-1.1278931,-2.097893,-2.227893,-1.587893,-0.9378931,0.13210693,-0.36789307,-1.187893,-1.9678931,-3.107893,-3.847893,-4.637893,-5.067893,-4.667893,-5.8078933,-7.197893,-7.097893,-7.137893,-6.907893,-2.9678931,-2.767893,-2.857893,-2.9478931,-3.067893,-2.547893,-2.087893,-2.987893,-4.757893,-4.887893,-5.0778933
2.252107,1.942107,3.0921068,3.862107,3.5521069,1.942107,2.732107,3.382107,1.4721069,1.812107,2.382107,1.812107,2.502107,2.462107,3.352107,4.4421067,2.5521069,1.7521069,1.0321069,1.052107,0.0021069336,-0.28789306,-1.177893,-1.807893,-1.567893,-1.917893,-2.107893,-2.277893,-2.4178932,-3.047893,-2.807893,-1.5178931,-0.67789304,-0.47789305,-0.61789304,-0.58789307,-0.5178931,-1.5178931,-2.337893,-3.727893,-5.067893,-6.097893,-6.517893,-6.507893,-6.757893,-6.647893,-7.927893,-7.257893,-1.547893,-3.987893,-3.747893,-2.647893,-2.4078932,-2.547893,-2.637893,-3.257893,-2.597893,-5.027893,-5.427893
3.2821069,3.0521069,2.0721068,2.8221068,2.5721068,0.91210693,0.21210693,1.052107,1.462107,1.922107,1.1421069,0.9821069,2.142107,2.922107,2.932107,1.712107,0.70210695,0.19210693,-0.45789307,0.97210693,-0.79789305,-1.797893,-2.087893,-2.087893,-2.007893,-2.347893,-2.987893,-2.4678931,-2.517893,-2.6878932,-1.837893,-1.1078931,-0.98789304,-0.80789304,-1.1378931,-0.9578931,-1.3778931,-1.537893,-2.337893,-2.047893,-2.4478931,-2.9678931,-5.117893,-6.337893,-6.867893,-7.727893,-6.127893,-4.647893,-3.9478931,-3.487893,-2.307893,-2.9678931,-2.887893,-4.177893,-4.237893,-4.207893,-4.8078933,-4.147893,-2.1578932
2.002107,1.7521069,1.3421069,0.90210694,1.192107,0.40210694,-0.77789307,0.78210694,0.7921069,1.192107,-1.9078931,1.8921069,3.002107,3.8421068,1.712107,1.3821069,1.1321069,1.0021069,0.20210694,-0.24789307,-1.4878931,-1.437893,-1.3878931,-3.377893,-2.827893,-2.6978931,-3.1578932,-2.2078931,-1.9978931,-1.187893,-1.1478931,-0.98789304,-0.77789307,-0.80789304,-0.97789305,-1.1578931,-1.9778931,-3.227893,-2.7078931,-2.807893,-2.987893,-5.067893,-6.117893,-7.727893,-9.107893,-5.797893,-4.967893,-3.877893,-1.7278931,-1.5078931,-2.147893,-2.7078931,-2.9278932,-2.387893,-2.567893,-3.307893,-1.537893,-1.917893,-0.46789306
4.262107,2.5821068,2.702107,1.562107,2.5721068,1.0921069,2.122107,-0.5678931,0.40210694,1.412107,-0.21789306,1.822107,1.912107,0.94210696,1.202107,0.23210694,0.46210694,-0.11789307,-0.23789306,-0.43789306,-2.227893,-1.8778931,-2.507893,-5.387893,-6.217893,-5.277893,-6.8278933,-3.4678931,-3.2078931,-2.837893,-1.9778931,-3.577893,-1.3878931,-1.1478931,-1.2378931,-1.427893,-1.4678931,-1.3878931,-1.577893,-1.8578931,-2.887893,-3.637893,-8.5878935,-8.717893,-8.507893,-4.227893,-3.827893,-3.227893,-1.077893,-1.6078931,-1.667893,-1.687893,-1.927893,-2.987893,-2.117893,-2.007893,-1.667893,-1.6078931,-0.60789305
4.512107,1.312107,0.9221069,1.082107,0.5521069,0.09210693,-0.16789307,1.0221069,-0.72789305,-0.78789306,-2.067893,1.552107,1.712107,0.96210694,0.90210694,0.35210693,0.18210693,0.52210695,-0.71789306,-2.9378932,-4.377893,-5.567893,-5.507893,-4.887893,-9.8378935,-5.337893,-8.177893,-6.837893,-3.627893,-2.9378932,-1.937893,-1.337893,-0.83789307,-1.1478931,-1.0278931,-0.31789306,-0.55789304,-0.97789305,-1.5178931,-1.707893,-2.6578932,-4.897893,-4.547893,-7.7878933,-7.717893,-4.3078933,-1.427893,-0.8178931,-1.1278931,-0.61789304,-1.817893,-2.4278932,-2.477893,-1.8978931,-2.257893,-1.567893,-1.077893,-0.36789307,-1.8478931
2.972107,1.9821069,1.962107,2.162107,1.1421069,1.0021069,0.58210695,0.6021069,1.202107,0.18210693,-2.587893,-1.2178931,-1.5078931,-0.5678931,-1.337893,-0.61789304,0.5021069,-0.80789304,-2.277893,-4.147893,-5.977893,-7.477893,-6.387893,-7.237893,-6.247893,-7.3078933,-5.727893,-4.597893,-2.1578932,-1.677893,-0.12789306,0.072106935,-0.72789305,-1.827893,-1.087893,-1.067893,-1.0178931,-1.0978931,-0.79789305,-1.797893,-2.337893,-3.117893,-2.9178932,-2.6778932,-2.7078931,-2.4078932,-0.84789306,-1.4078931,-2.017893,-1.8778931,-1.8878931,-1.7178931,-1.3978931,-1.417893,-2.137893,-1.3778931,-2.007893,-1.2478931,-0.6878931
1.3521069,1.5321069,1.7521069,1.5021069,-0.15789306,0.38210693,0.76210696,1.2821069,1.082107,1.082107,-2.497893,-3.877893,-1.7778931,0.71210694,-2.037893,-1.1278931,0.28210694,-2.137893,-3.877893,-5.0378933,-6.777893,-7.227893,-7.517893,-7.837893,-10.787893,-8.597893,-4.097893,-3.7078931,-1.317893,-0.8878931,-0.31789306,-0.71789306,0.42210692,-0.33789307,0.44210693,-1.1278931,-0.6478931,-0.7078931,-1.2478931,-1.3678931,-0.83789307,-1.6178931,-2.2078931,-2.4178932,-2.347893,-2.577893,-2.067893,-1.7778931,-1.327893,-1.307893,-1.457893,-1.0278931,-1.4878931,-1.4978931,-0.78789306,-1.2578931,-0.28789306,0.10210694,-1.1378931
0.45210692,4.162107,0.14210694,1.422107,-2.397893,0.39210692,1.4821069,1.2421069,1.6221069,1.1121069,2.462107,1.1021069,-1.0178931,-3.1978931,-1.947893,-0.55789304,-1.667893,-3.1778932,-4.5378933,-5.3078933,-7.637893,-6.507893,-7.857893,-8.757893,-8.697893,-8.577893,-4.647893,-0.15789306,0.19210693,3.232107,0.8621069,0.8021069,0.76210696,2.142107,1.302107,0.84210694,1.162107,-0.6378931,-0.44789305,-1.2278931,-1.447893,-1.307893,-1.437893,-1.797893,-1.567893,-0.9578931,0.0021069336,0.44210693,1.1121069,0.8621069,-0.31789306,0.012106934,-1.0078931,-1.1078931,-0.66789305,0.5021069,-2.867893,-3.637893,-1.437893
1.332107,-0.21789306,0.70210695,-0.42789307,1.7421069,-0.057893068,0.59210694,0.9221069,0.64210695,1.042107,0.8621069,1.3421069,-2.4478931,-1.057893,-4.387893,-1.937893,-3.377893,-4.417893,-4.0378933,-5.167893,-6.497893,-6.917893,-8.917893,-8.907893,-7.417893,-1.667893,0.37210694,1.052107,1.332107,6.142107,3.732107,3.8321068,3.5421069,3.392107,1.7221069,2.612107,5.182107,5.862107,4.122107,-0.107893065,0.16210693,-1.0078931,-0.96789306,-0.5678931,-0.7678931,-0.34789306,0.76210696,0.72210693,0.6721069,0.35210693,0.20210694,0.6021069,0.69210696,0.66210693,0.09210693,-1.177893,-1.207893,-0.90789306,-0.79789305
1.432107,1.2821069,0.7921069,-2.6878932,-2.817893,-1.947893,-0.98789304,1.932107,1.4921069,1.202107,1.322107,-0.47789305,2.152107,3.202107,0.41210693,-3.227893,-3.497893,-3.9578931,-3.977893,-5.387893,-5.927893,-6.457893,-6.177893,-8.777893,-4.607893,0.57210696,3.5821068,7.012107,8.442107,8.022107,5.302107,4.822107,2.512107,3.852107,5.512107,4.312107,4.762107,7.4421067,4.782107,5.522107,1.5121069,1.6521069,1.0021069,0.96210694,1.942107,1.6121069,-0.21789306,0.33210695,0.7921069,0.65210694,0.12210693,0.6821069,-0.40789306,-0.42789307,1.182107,0.45210692,1.5321069,0.84210694,-0.90789306
2.8321068,-0.66789305,0.28210694,1.3821069,-1.2378931,6.2121067,0.6021069,1.712107,-2.527893,-0.5078931,-0.97789305,-0.23789306,1.7821069,1.3921069,-1.0178931,-3.1978931,0.39210692,0.58210695,-1.3878931,-4.017893,-6.147893,-6.607893,-5.3078933,-4.717893,-2.507893,2.762107,4.902107,6.882107,9.042107,9.1621065,7.802107,7.982107,5.982107,5.792107,6.012107,4.932107,4.092107,4.082107,3.392107,2.422107,1.8821069,2.712107,1.5021069,1.2821069,1.8521069,1.3921069,0.18210693,0.13210693,0.31210694,0.08210693,-0.42789307,0.9921069,0.51210696,0.26210693,-0.30789307,0.30210695,1.292107,0.58210695,1.5921069
2.422107,1.5121069,1.1321069,-1.177893,-2.727893,-2.337893,-3.027893,-2.337893,0.072106935,-0.41789305,0.29210693,0.8721069,2.952107,2.5721068,0.76210696,-0.26789308,0.83210695,-1.9978931,-2.857893,-4.297893,-5.237893,-5.987893,-6.697893,-5.957893,-3.637893,4.372107,8.462107,9.202106,8.402107,8.772107,8.402107,6.482107,7.562107,5.502107,6.662107,4.912107,5.6721067,10.532107,3.002107,2.8021069,2.3321068,2.912107,3.5721068,2.0321069,-1.2378931,-0.39789307,-0.31789306,-0.027893066,0.13210693,1.582107,1.5921069,1.172107,-0.66789305,-0.85789305,0.46210694,1.802107,1.2821069,1.792107,3.0621068
0.78210694,-0.9478931,-1.037893,-8.647893,-6.7878933,-5.177893,-5.887893,0.49210694,-0.017893067,0.49210694,0.25210693,1.812107,-2.287893,2.922107,-0.067893066,0.24210693,1.802107,0.40210694,-2.2178931,-5.017893,-4.177893,-6.337893,-6.407893,-3.887893,-1.937893,2.7921069,4.9421067,7.232107,7.082107,8.352107,7.392107,5.862107,7.352107,7.062107,4.572107,6.392107,6.472107,10.322107,3.242107,2.2821069,2.232107,2.952107,3.942107,1.712107,-0.38789308,0.43210694,0.52210695,-0.067893066,2.0421069,0.63210696,-0.66789305,0.42210692,0.51210696,0.28210694,1.6121069,3.3421068,3.512107,2.602107,0.25210693
-1.797893,-2.527893,-2.147893,-4.767893,-4.857893,-6.837893,-3.867893,-1.7178931,-3.1878932,-0.73789304,2.612107,2.962107,0.69210696,-0.007893067,-2.637893,1.1021069,-0.44789305,-0.45789307,-2.757893,-2.6978931,-2.227893,-1.7578931,-2.4278932,-4.227893,-3.757893,-1.1178931,1.2621069,3.182107,6.732107,6.342107,6.132107,5.812107,6.042107,5.622107,7.142107,6.4421067,4.642107,9.4121065,3.992107,2.952107,3.0621068,1.3521069,2.992107,2.632107,2.0621068,1.5221069,1.1321069,-0.07789306,-0.8178931,-0.007893067,0.072106935,0.12210693,1.062107,1.2821069,6.252107,5.112107,3.5321069,1.682107,0.32210693
-0.07789306,-2.487893,-2.067893,-2.977893,-2.647893,-5.757893,-3.337893,-6.607893,-0.31789306,-3.637893,-3.727893,0.13210693,3.692107,-1.547893,-1.1078931,1.3921069,3.722107,4.342107,1.1021069,-0.59789306,-2.737893,-3.787893,-4.637893,-2.537893,-2.537893,-0.6978931,1.322107,2.112107,4.182107,5.592107,5.362107,6.292107,6.252107,7.302107,7.382107,6.722107,4.882107,8.312107,4.232107,3.132107,2.382107,1.322107,2.402107,1.542107,0.30210695,0.6821069,0.22210693,-0.33789307,0.7921069,-1.0078931,0.31210694,-0.19789307,0.9321069,2.0621068,4.872107,4.292107,2.192107,0.51210696,-0.48789307
-4.137893,-2.227893,-1.8978931,-1.8978931,-4.3278933,-1.797893,-4.0378933,-2.7078931,-0.77789307,-0.08789307,1.2621069,1.5921069,-0.8278931,0.78210694,-2.037893,-1.2478931,0.78210694,0.97210693,4.562107,-3.237893,-6.657893,-8.177893,-7.967893,-4.267893,-2.487893,-1.417893,0.16210693,2.232107,2.382107,3.972107,4.432107,4.6921067,3.262107,6.6721067,6.802107,6.812107,6.142107,5.9421067,4.622107,3.5521069,3.0321069,2.0921068,1.802107,1.6521069,0.9821069,0.22210693,-0.60789305,0.43210694,-0.20789307,0.22210693,0.16210693,0.90210694,2.742107,1.712107,2.2821069,1.042107,0.032106932,-0.26789308,-1.557893
-6.667893,-1.187893,-2.017893,0.69210696,-2.6578932,-3.797893,-0.5078931,-1.7378931,-2.557893,-0.96789306,-0.5678931,-1.557893,-0.27789307,0.08210693,1.7621069,-2.397893,4.822107,1.3821069,-0.17789307,-4.347893,-1.557893,-2.047893,-0.25789306,0.012106934,-1.5978931,-2.247893,-2.117893,-0.52789307,0.8721069,2.422107,2.0521069,0.39210692,4.652107,4.362107,5.502107,5.612107,4.9221067,5.312107,4.2121067,3.232107,2.002107,0.84210694,0.19210693,0.14210694,-0.027893066,-0.71789306,-1.037893,-0.73789304,-0.067893066,-1.167893,1.082107,-0.7078931,0.27210695,-0.7578931,-0.15789306,-0.037893068,0.042106934,-0.7678931,-1.0278931
-14.877893,-1.697893,-2.1578932,-0.23789306,0.08210693,-2.867893,-4.877893,-0.9978931,-5.687893,-1.9978931,0.34210694,0.70210695,-0.49789307,-0.08789307,-0.23789306,1.662107,0.91210693,0.05210693,0.66210693,1.3721069,1.3421069,4.112107,4.292107,3.3221068,3.122107,1.192107,1.9721069,1.582107,-0.54789305,-0.21789306,-0.19789307,2.5321069,5.832107,4.612107,6.502107,6.352107,5.352107,3.212107,2.272107,1.212107,1.7221069,0.8521069,-0.067893066,-0.8878931,1.1521069,-1.1278931,-0.027893066,0.8121069,-0.24789307,-0.107893065,-1.1378931,-3.627893,-3.4178932,-2.6778932,-0.5178931,0.6221069,0.28210694,-0.11789307,-0.91789305
