static/data/gfs-wind.json
{"header": { "discipline":0, "disciplineName":"Meteorological products", "gribEdition":2, "gribLength":78676, "center":7, "centerName":"US National Weather Service - NCEP(WMC)", "subcenter":0, "refTime":"2020-04-10T00:00:00.000Z", "significanceOfRT":1, "significanceOfRTName":"Start of forecast", "productStatus":0, "productStatusName":"Operational products", "productType":1, "productTypeName":"Forecast products", "productDefinitionTemplate":0, "productDefinitionTemplateName":"Analysis/forecast at horizontal level/layer at a point in time", "parameterCategory":2, "parameterCategoryName":"Momentum", "parameterNumber":3, "parameterNumberName":"V-component_of_wind", "parameterUnit":"m.s-1", "genProcessType":2, "genProcessTypeName":"Forecast", "forecastTime":0, "surface1Type":103, "surface1TypeName":"Specified height level above ground", "surface1Value":10.0, "surface2Type":255, "surface2TypeName":"Missing", "surface2Value":0.0, "gridDefinitionTemplate":0, "gridDefinitionTemplateName":"Latitude_Longitude", "numberPoints":65160, "shape":6, "shapeName":"Earth spherical with radius of 6,371,229.0 m", "gridUnits":"degrees", "resolution":48, "winds":"true", "scanMode":0, "nx":360, "ny":181, "basicAngle":0, "lo1":0.0, "la1":90.0, "lo2":359.0, "la2":-90.0, "dx":1.0, "dy":1.0 }, "data":
[rows 104 to 129 of 181, columns 57 to 113 of 360]
4.49324,6.0632396,4.2532396,2.3532398,0.99323976,1.0932398,0.46323976,0.55323976,1.3032397,1.7632397,1.7232398,2.9332397,4.1932397,3.8832397,3.4132397,2.7332397,2.7632399,3.0432398,3.1632397,3.6432397,5.18324,5.8732395,6.03324,6.1532397,5.9432397,5.95324,6.53324,7.49324,6.70324,7.43324,8.18324,7.6932397,8.97324,9.96324,10.38324,10.3732395,10.77324,10.71324,7.76324,6.7532396,0.88323975,-0.08676025,2.4232397,1.8432398,-1.9067602,-4.0167603,-5.2667603,-6.17676,-5.7867603,-6.88676,-5.9967604,-5.5767603,-3.3167603,-2.0867603,-1.2967602,0.62323976,1.1632397
3.7732399,3.9532397,4.5032396,3.5532398,3.1232398,1.5732398,1.5232397,0.7832397,1.8132397,2.7332397,2.2632399,2.7332397,2.1932397,3.3832397,2.9632397,3.3032398,2.5032396,3.0132399,4.07324,3.7632399,5.32324,4.28324,4.84324,5.76324,6.28324,6.61324,5.9032397,6.47324,6.41324,7.30324,7.28324,7.64324,8.23324,8.50324,9.47324,10.97324,11.323239,10.953239,11.71324,11.68324,4.3832397,4.32324,4.9032397,1.1632397,-3.0267603,-4.56676,-5.6867604,-5.0567603,-5.8467603,-6.81676,-6.6267605,-5.21676,-4.63676,-2.5467603,-1.2667602,-0.22676025,0.43323976
3.5332398,4.53324,4.68324,3.9732397,3.9732397,2.5832398,0.98323977,1.5632397,2.0732398,1.3232398,2.7032397,2.6332397,1.4332397,1.4032397,1.6332397,1.4132397,2.7532396,3.7232397,2.3132398,2.8832397,3.2832398,5.0032396,4.86324,4.82324,5.3332396,5.5832396,6.4432397,6.32324,7.22324,6.20324,6.6332397,7.1532397,7.39324,7.8732395,8.243239,8.46324,8.363239,10.21324,9.84324,10.48324,11.1632395,9.88324,7.1932397,2.3732398,-1.5267602,-4.1667604,-4.67676,-4.35676,-3.2467604,-6.7867603,-5.60676,-5.2267604,-4.8967605,-2.9867601,-1.7167603,-0.30676025,0.5432398
3.2032397,3.6932397,3.4032397,3.2432396,3.8032398,3.9932396,2.5732398,2.0232399,2.1032398,2.7232397,1.8232398,1.2732397,2.7532396,2.7632399,3.1232398,2.4132397,2.7332397,3.9832397,4.1332397,3.8832397,4.0832396,4.97324,4.74324,5.2732396,5.1532397,5.3832397,6.1732397,7.47324,5.82324,6.6932397,6.59324,6.95324,6.9632397,7.2332397,7.6232395,7.66324,7.68324,8.35324,10.08324,10.113239,9.97324,10.8732395,8.23324,4.6732397,0.0032397462,-0.45676026,-2.9467602,-4.10676,-4.25676,-4.73676,-5.4967604,-4.9367604,-4.02676,-3.0867603,-1.6767602,-0.116760254,0.82323974
3.0832398,3.4532397,2.4532397,1.9632398,1.8732398,2.0032396,2.5232399,1.8232398,2.2532396,2.3632398,2.5132399,1.5032398,2.5332398,2.6232398,4.66324,4.01324,3.8332398,3.8532398,4.09324,4.61324,5.11324,4.8532395,5.07324,5.0232396,4.8132396,4.6532397,5.66324,6.0232396,6.0832396,6.3832397,6.2532396,6.57324,6.5232396,6.9432397,7.11324,7.4032397,7.8132396,7.8132396,7.8832397,8.27324,8.81324,9.363239,10.35324,8.18324,-1.1467602,-3.5567603,-1.0467602,-1.4167602,-4.50676,-5.9167604,-6.0367603,-5.15676,-4.33676,-3.3567603,-1.5867603,0.013239746,1.8432398
2.4932396,2.1832397,3.0832398,1.3132397,0.6032398,1.0832398,0.9032397,1.4732398,0.57323974,1.3632398,2.1932397,1.0832398,1.3932397,2.6732397,3.7332397,4.14324,4.47324,4.82324,4.03324,3.0632398,3.9132397,5.22324,5.84324,5.9032397,5.49324,6.07324,6.55324,6.84324,6.70324,5.8332396,6.93324,7.34324,6.4032397,6.86324,7.4032397,6.49324,7.3132396,7.7532396,7.32324,7.70324,7.7732396,8.203239,8.953239,9.55324,8.23324,-3.4867601,-3.6567602,-3.6267602,-3.2167602,-4.77676,-5.96676,-5.48676,-4.4967604,-2.9267602,-1.1967603,0.5932397,1.1532397
2.4732397,1.7832397,0.51323974,2.9432397,1.4832398,0.32323974,0.35323974,-0.16676025,1.5632397,0.74323976,1.0732398,2.0332398,1.4832398,1.1932397,1.9932398,2.1332397,1.5132397,1.9832398,2.8932397,3.8732398,5.3332396,5.0032396,5.2332397,4.14324,5.6732397,6.4832397,5.7932396,5.51324,6.78324,6.8532395,6.14324,6.4032397,7.07324,6.93324,7.03324,6.89324,6.9632397,6.99324,6.95324,6.8832397,6.47324,6.6532397,7.30324,8.00324,9.203239,-2.8667603,-5.10676,-4.5967603,-4.8767605,-3.8167603,-5.4367604,-4.7267604,-3.9867601,-2.3367603,-0.036760256,1.1732397,0.38323975
0.98323977,0.67323977,1.8632398,-0.25676024,2.5332398,0.7832397,1.8632398,0.20323974,-0.7867603,0.88323975,-0.88676023,0.87323976,0.81323975,-0.49676025,1.1332397,2.0032396,2.5232399,3.7332397,3.6032398,3.0332398,3.1632397,4.6332397,4.4032397,4.03324,4.6932397,5.11324,4.95324,6.3532395,6.14324,5.78324,5.91324,6.30324,6.8532395,6.4432397,6.70324,6.8332396,6.4032397,6.7732396,6.2132397,6.1332397,5.6032395,5.24324,6.01324,6.59324,6.80324,8.80324,-5.8767605,-6.79676,-6.38676,-3.8067603,-5.00676,-5.3667603,-3.2467604,-1.6767602,0.103239745,1.0932398,0.38323975
0.7932398,1.7132398,-1.3267603,0.87323976,0.47323975,1.1432397,0.14323975,1.1332397,1.0932398,0.19323975,0.82323974,-0.32676026,0.52323973,0.62323976,0.23323974,1.9832398,1.4632398,1.5732398,3.6832397,3.8332398,4.2332397,4.7732396,4.86324,5.39324,6.03324,5.32324,6.0032396,5.7932396,6.6932397,6.8532395,6.9432397,6.93324,7.01324,7.4832397,6.55324,5.70324,6.4232397,6.4032397,5.53324,5.28324,4.61324,3.6332397,3.5432398,4.2932396,5.0432396,6.22324,5.22324,-6.3267603,-6.6667604,-3.8967602,-4.96676,-4.40676,-3.3367603,-1.7067603,0.37323976,1.2332398,2.6632397
0.29323974,1.4632398,0.013239746,0.46323976,-1.6667602,-1.3067603,-0.32676026,-0.5367603,-0.8367603,-0.91676027,-1.3467603,-0.80676025,-0.69676024,0.52323973,1.1532397,1.2332398,2.0432398,2.2632399,1.6032398,3.2232397,3.3632398,4.72324,5.61324,5.68324,6.7932396,4.5832396,5.7332397,6.20324,7.09324,8.30324,8.453239,7.0232396,7.2732396,8.15324,8.08324,7.4832397,6.1532397,5.43324,5.5832396,3.6432397,3.8332398,2.5532398,1.5932398,1.6932397,2.7632399,3.0532398,5.86324,3.2132397,-7.0167603,-4.77676,-4.42676,-3.8567603,-3.4267602,-1.6067603,0.67323977,1.2532398,2.2932398
-0.41676027,-0.38676026,-0.28676024,-0.43676025,-0.54676026,-0.19676025,-2.7767603,-1.3167603,-0.44676027,-0.76676023,-0.15676026,-0.9067603,-0.34676024,0.70323974,-0.63676023,2.0232399,2.0932398,2.8532398,2.8532398,3.0332398,3.4332397,3.8132398,4.7332397,4.61324,7.24324,7.18324,6.9632397,6.55324,6.7932396,7.61324,8.39324,7.8132396,8.22324,6.91324,6.95324,7.89324,7.8832397,6.72324,4.95324,3.4232397,2.3832397,1.1432397,0.13323975,-0.41676027,-0.19676025,1.4032397,2.6432397,5.2732396,-6.88676,-6.2467604,-5.94676,-4.33676,-2.8467603,-1.7667602,0.063239746,0.56323975,1.7032398
-2.4367602,-0.97676027,-1.8067603,-1.8067603,-1.0567603,-1.4167602,-1.8667603,-1.7367603,-1.8167603,-1.3367603,-2.4167602,-0.67676026,-1.4167602,-0.7867603,0.98323977,1.3332398,0.83323973,1.7632397,2.5232399,2.9032397,1.8132397,3.0232399,3.8932397,4.41324,5.8732395,6.6532397,6.45324,6.6732397,6.91324,7.26324,8.52324,6.97324,7.51324,6.32324,6.0432396,6.78324,5.9232397,5.5832396,5.55324,4.3532395,1.1532397,0.9632397,-1.5967603,-2.3467603,-2.1367602,-1.8567603,0.29323974,2.6732397,3.1732397,-8.10676,-6.6267605,-5.25676,-3.2067602,-1.3767602,0.49323976,2.1132398,4.3732395
-1.7267603,-2.6067603,-1.9467603,-3.2267601,-3.2967603,-1.5167602,-2.0967603,-3.1467602,-1.2967602,-1.2167603,-2.1967602,-1.9267602,-1.2667602,-1.2967602,-1.0067602,-0.6567603,0.27323973,1.0432397,2.6632397,3.7832398,4.1532397,4.7532396,5.28324,5.5632396,5.11324,7.32324,7.8332396,8.06324,8.05324,7.41324,8.113239,8.09324,7.51324,8.26324,8.06324,7.1332397,7.4432397,6.68324,5.80324,4.4632397,1.3232398,-1.3867602,-2.9667602,-4.83676,-4.1867604,-3.6367602,-1.2167603,-1.2467602,2.4032397,-8.41676,-6.6467605,-6.13676,-4.25676,-2.0367603,-0.39676026,2.0132399,3.8032398
2.5232399,-3.5667603,-2.5867603,-3.2867603,-4.4367604,-4.0567603,-3.4567602,-3.8167603,-3.4667602,-2.4367602,-3.0067604,-2.3467603,-1.9167602,-2.2967603,-2.0967603,-1.2667602,-0.09676025,1.6232398,1.6032398,2.3532398,3.3332398,3.8532398,4.70324,7.09324,4.61324,6.0232396,7.1032395,7.8832397,8.68324,7.16324,8.33324,7.80324,8.40324,8.21324,8.79324,9.40324,8.533239,7.99324,7.39324,4.43324,2.0032396,-0.106760256,-6.08676,-6.98676,-7.52676,-5.21676,-3.7067602,-3.9167602,-0.57676023,-5.0767603,-7.6867604,-6.0967603,-4.6167603,-2.5267603,-1.0967603,1.1932397,3.0232399
9.89324,0.043239746,-3.6067603,-3.0967603,-2.9267602,-4.4767604,-3.9667602,-4.5367603,-4.8667603,-4.79676,-4.7667603,-4.35676,-2.7467604,-3.2167602,-1.8967602,-1.0267602,-0.5967603,-0.45676026,2.0932398,2.8632398,3.4532397,3.7532396,5.01324,5.80324,6.8532395,6.1332397,6.9632397,8.48324,7.8732395,7.26324,8.42324,8.63324,8.97324,9.38324,10.80324,10.27324,10.14324,10.453239,9.54324,6.36324,0.77323973,-3.5067604,-8.68676,-10.22676,-9.41676,-7.3667603,-5.40676,-4.23676,-1.7767602,-3.8267603,-8.14676,-5.92676,-4.98676,-3.7667603,-1.9367603,0.8432397,3.2532396
10.1632395,11.00324,0.70323974,-4.71676,-3.4367602,-2.9267602,-5.1867604,-5.04676,-5.69676,-5.96676,-5.69676,-5.44676,-4.8467603,-4.42676,-3.3467603,-2.4367602,-1.6967603,-0.13676025,0.14323975,2.6132398,3.8532398,4.6732397,5.8532395,5.86324,6.91324,6.2932396,7.76324,7.4432397,8.69324,6.6332397,7.64324,9.14324,9.67324,10.54324,11.533239,11.77324,12.21324,12.9132395,12.52324,7.5232396,-0.91676027,-4.0967603,-11.8767605,-13.546761,-10.3767605,-8.47676,-6.27676,-4.90676,-3.4967604,-8.20676,-8.76676,-6.5967603,-4.81676,-4.5967603,-2.6467602,0.033239745,2.3132398
9.81324,9.453239,10.573239,9.13324,-5.19676,-5.58676,-5.9367604,-6.4567604,-6.04676,-6.3067603,-6.2667603,-6.25676,-6.0767603,-5.35676,-5.4167604,-4.0567603,-2.9767601,-1.2967602,-0.116760254,1.0432397,2.3232398,3.1832397,4.1232395,5.7332397,7.2332397,7.24324,7.2332397,7.95324,8.64324,9.73324,8.06324,9.39324,9.92324,9.993239,11.71324,13.17324,13.35324,14.50324,13.75324,7.82324,0.26323974,-7.44676,-14.73676,-14.386761,-10.466761,-7.60676,-5.8067603,-5.0367603,-4.0567603,-10.10676,-7.38676,-6.88676,-4.73676,-4.1167603,-2.7767603,-1.0267602,1.1132398
11.77324,8.89324,8.9132395,9.29324,10.56324,-6.54676,-7.23676,-8.3767605,-8.35676,-7.40676,-7.46676,-7.1867604,-6.27676,-6.31676,-5.60676,-4.02676,-3.5967603,-2.3967602,-1.7767602,0.35323974,1.2732397,1.7932397,2.9732397,4.7332397,5.64324,6.03324,7.4232397,7.4032397,8.42324,9.1232395,10.64324,10.40324,9.88324,11.10324,11.73324,13.14324,14.34324,15.21324,16.48324,9.35324,0.37323976,-6.44676,-11.66676,-10.90676,-6.9567604,-5.75676,-3.9267602,-3.4467602,-6.6467605,-11.046761,-6.8967605,-5.1267605,-4.6467605,-4.21676,-3.0067604,-0.73676026,0.87323976
11.85324,10.42324,9.323239,6.51324,5.24324,2.5932398,-5.1167603,-9.20676,-8.97676,-9.47676,-8.546761,-9.006761,-8.23676,-7.27676,-7.1867604,-5.63676,-5.0567603,-3.8367603,-1.2567602,-0.73676026,0.15323974,1.3432398,2.0332398,3.4932396,4.9432397,6.55324,7.36324,8.33324,8.3732395,9.06324,9.92324,11.15324,11.21324,10.83324,11.75324,12.34324,14.863239,15.52324,16.29324,5.47324,-0.16676025,-4.7467604,-8.77676,-9.34676,-6.0967603,-9.77676,-1.6367602,2.0932398,-7.06676,-8.926761,-5.3467603,-3.2267601,-4.65676,-3.5767603,-1.5967603,-0.16676025,2.5032396
10.56324,9.113239,8.703239,7.39324,5.22324,5.16324,2.3932397,-7.75676,-10.546761,-10.59676,-10.26676,-9.61676,-9.55676,-9.06676,-7.81676,-6.29676,-5.7867603,-4.35676,-3.4467602,-2.2267601,-0.97676027,-0.14676026,1.4332397,2.8232398,4.1732397,5.24324,6.34324,7.11324,7.9032397,8.29324,9.21324,10.26324,11.56324,11.59324,11.30324,12.1632395,14.47324,16.22324,16.47324,13.01324,6.86324,-5.2267604,-7.96676,-6.73676,-7.5567603,-4.8267603,-2.7367601,1.4932398,3.0632398,-3.5367603,-5.0967603,-4.0767603,-1.7067603,-0.42676026,1.1432397,1.9332397,3.9632397
10.63324,7.7732396,5.09324,4.09324,2.4832397,3.3432398,3.3632398,-3.5267603,-10.85676,-11.8767605,-10.48676,-10.256761,-10.3767605,-9.77676,-8.09676,-8.15676,-5.48676,-5.40676,-4.8467603,-3.7867603,-2.7867603,-1.1367602,-0.16676025,1.5232397,2.9132397,4.5432396,5.45324,6.36324,7.45324,8.26324,8.63324,9.77324,10.54324,11.01324,11.72324,11.31324,11.1632395,13.05324,16.33324,17.94324,15.77324,9.9132395,-8.046761,-8.19676,-3.9067602,-3.3467603,-2.8567603,-3.2567604,-0.66676027,4.1032395,1.2032398,0.81323975,0.62323976,0.42323974,1.8332398,2.8332398,4.24324
12.823239,8.98324,1.4132397,-1.6167603,-0.16676025,-1.1167603,2.2132397,3.8232398,-11.91676,-13.19676,-12.57676,-10.95676,-11.89676,-11.10676,-10.10676,-8.89676,-7.5967603,-6.4567604,-6.00676,-5.10676,-4.4767604,-3.0267603,-1.0767603,0.6032398,2.1332397,3.5032396,4.64324,5.3732395,6.4832397,7.7532396,8.50324,8.68324,9.63324,9.90324,9.743239,11.19324,11.17324,10.55324,9.21324,9.13324,9.77324,9.10324,7.7332397,6.4832397,3.7332397,0.61323977,-0.55676025,-1.7567602,-1.4667603,-1.6667602,0.86323977,0.16323975,1.3032397,1.0232397,1.8832397,3.6232398,4.6332397
16.69324,10.39324,-0.046760254,-5.6867604,-2.2767603,-3.1367602,-0.51676023,0.8532398,2.1432397,-12.966761,-13.45676,-13.3367605,-13.45676,-12.74676,-11.99676,-10.16676,-8.10676,-7.58676,-6.9767604,-6.3467603,-5.5367603,-4.4967604,-2.5667603,-0.61676025,0.45323974,2.1832397,3.5032396,4.61324,5.53324,6.5632396,7.61324,8.30324,8.73324,9.01324,8.79324,9.43324,10.48324,11.13324,10.05324,9.39324,6.72324,6.18324,6.1732397,3.7232397,3.6632397,2.2032397,1.8632398,1.5232397,-0.74676025,-0.08676025,-1.1767602,-0.68676025,1.0432397,2.7432396,2.6832397,1.5432397,2.3932397
20.093239,14.44324,2.7032397,-3.4467602,-1.9267602,-4.1267605,-1.1667602,2.3532398,2.6232398,-0.5367603,-14.73676,-15.53676,-14.93676,-14.19676,-13.256761,-11.3767605,-10.19676,-8.8367605,-8.36676,-7.4367604,-6.56676,-5.69676,-4.35676,-2.4367602,0.07323974,1.6932397,3.6132398,3.6732397,4.07324,5.0632396,6.26324,6.95324,8.01324,8.59324,8.79324,8.09324,8.38324,10.283239,10.93324,9.54324,7.68324,3.5732398,3.9932396,1.7532398,2.1932397,1.6832397,0.9732397,0.68323976,0.94323975,-0.54676026,0.69323975,0.62323976,0.6532397,1.8432398,1.7232398,1.2532398,0.55323976
17.013239,18.183239,10.30324,7.84324,3.8132398,2.6832397,2.6932397,2.1532397,2.5432398,2.9432397,-14.926761,-16.656761,-16.61676,-15.82676,-14.24676,-13.0867605,-11.39676,-9.84676,-9.28676,-8.59676,-7.4567604,-6.4967604,-5.8667603,-3.7267601,-1.3267603,0.22323975,2.0332398,2.3932397,3.2332397,4.0632396,5.1932397,5.9432397,6.2332397,7.64324,8.22324,8.30324,7.1332397,7.51324,8.6232395,9.363239,9.85324,8.25324,4.34324,2.0832398,2.2132397,3.0032396,3.4532397,1.8432398,2.0732398,0.16323975,-0.37676024,-0.06676026,-0.15676026,0.9732397,2.3132398,3.4932396,3.8732398
13.83324,13.81324,14.90324,14.613239,6.86324,6.07324,5.4032397,2.9232397,3.7332397,4.9832397,-10.676761,-17.566761,-17.82676,-16.66676,-15.97676,-13.91676,-12.47676,-11.48676,-10.30676,-9.716761,-9.30676,-7.79676,-6.7467604,-5.4967604,-3.5867603,-0.68676025,0.56323975,1.2132398,2.4532397,3.0132399,4.3532395,5.72324,6.3332396,6.1532397,7.0232396,7.80324,7.32324,6.8732395,6.05324,5.70324,5.89324,6.0032396,5.11324,5.3832397,5.32324,2.8432398,1.2832397,0.9632397,-0.68676025,1.5532397,0.15323974,2.3532398,2.5832398,2.4732397,3.0132399,3.0632398,3.1832397
