static/data/gfs-wind.json
{"header": { "discipline":0, "disciplineName":"Meteorological products", "gribEdition":2, "gribLength":78396, "center":7, "centerName":"US National Weather Service - NCEP(WMC)", "subcenter":0, "refTime":"2020-04-10T00:00:00.000Z", "significanceOfRT":1, "significanceOfRTName":"Start of forecast", "productStatus":0, "productStatusName":"Operational products", "productType":1, "productTypeName":"Forecast products", "productDefinitionTemplate":0, "productDefinitionTemplateName":"Analysis/forecast at horizontal level/layer at a point in time", "parameterCategory":2, "parameterCategoryName":"Momentum", "parameterNumber":2, "parameterNumberName":"U-component_of_wind", "parameterUnit":"m.s-1", "genProcessType":2, "genProcessTypeName":"Forecast", "forecastTime":0, "surface1Type":103, "surface1TypeName":"Specified height level above ground", "surface1Value":10.0, "surface2Type":255, "surface2TypeName":"Missing", "surface2Value":0.0, "gridDefinitionTemplate":0, "gridDefinitionTemplateName":"Latitude_Longitude", "numberPoints":65160, "shape":6, "shapeName":"Earth spherical with radius of 6,371,229.0 m", "gridUnits":"degrees", "resolution":48, "winds":"true", "scanMode":0, "nx":360, "ny":181, "basicAngle":0, "lo1":0.0, "la1":90.0, "lo2":359.0, "la2":-90.0, "dx":1.0, "dy":1.0 }, "data":
[rows 0 to 24 of 181, columns 0 to 56 of 360]
-1.2663525,-1.2663525,-1.2763525,-1.2763525,-1.2863525,-1.2863525,-1.2963525,-1.2963525,-1.3063525,-1.3063525,-1.3063525,-1.3163525,-1.3163525,-1.3163525,-1.3163525,-1.3163525,-1.3163525,-1.3163525,-1.3163525,-1.3163525,-1.3163525,-1.3163525,-1.3163525,-1.3163525,-1.3063525,-1.3063525,-1.3063525,-1.2963525,-1.2963525,-1.2863525,-1.2863525,-1.2763525,-1.2763525,-1.2663525,-1.2563525,-1.2563525,-1.2463526,-1.2363526,-1.2263526,-1.2163526,-1.2163526,-1.2063526,-1.1963525,-1.1863525,-1.1763525,-1.1663525,-1.1563525,-1.1363525,-1.1263525,-1.1163526,-1.1063526,-1.0863526,-1.0763526,-1.0663525,-1.0463525,-1.0363525,-1.0263525
1.4136474,1.2136475,1.0636475,0.93364745,0.80364746,0.68364745,0.57364744,0.45364746,0.34364745,0.27364746,0.21364745,0.16364746,0.11364746,0.07364746,0.033647463,-0.01635254,-0.05635254,-0.09635254,-0.12635253,-0.16635254,-0.19635254,-0.22635254,-0.25635254,-0.28635255,-0.31635255,-0.34635255,-0.36635253,-0.38635254,-0.41635254,-0.43635255,-0.46635255,-0.48635253,-0.51635253,-0.5363525,-0.55635256,-0.5863525,-0.61635256,-0.6463525,-0.6663525,-0.69635254,-0.7263525,-0.75635254,-0.7863525,-0.81635255,-0.8363525,-0.87635255,-0.8963525,-0.92635256,-0.94635254,-0.9763525,-1.0063525,-1.0263525,-1.0563525,-1.0763526,-1.0963526,-1.1163526,-1.1363525
3.0736475,2.7836475,2.5036476,2.2236474,1.9536475,1.6836475,1.4336475,1.2236475,1.0736475,0.95364743,0.8436475,0.75364745,0.69364744,0.63364744,0.5836475,0.5336475,0.47364748,0.41364747,0.35364747,0.29364747,0.22364746,0.16364746,0.11364746,0.053647462,-0.006352539,-0.04635254,-0.09635254,-0.14635254,-0.20635253,-0.26635253,-0.33635253,-0.40635255,-0.47635254,-0.54635257,-0.61635256,-0.67635256,-0.74635255,-0.79635257,-0.8463525,-0.9063525,-0.95635253,-1.0063525,-1.0563525,-1.1063526,-1.1563525,-1.2163526,-1.2563525,-1.3063525,-1.3463526,-1.3963525,-1.4463525,-1.4963526,-1.5463525,-1.6063526,-1.6663525,-1.7263526,-1.7963525
2.8636475,2.3236475,1.9836475,1.6936475,1.4736475,1.3936474,1.3236475,1.2536474,1.1936475,1.1036475,0.9636475,0.8336475,0.7136475,0.63364744,0.54364747,0.49364746,0.45364746,0.40364745,0.35364747,0.31364745,0.26364747,0.21364745,0.17364746,0.11364746,0.04364746,-0.036352538,-0.13635254,-0.21635254,-0.32635254,-0.40635255,-0.47635254,-0.5363525,-0.5963525,-0.6563525,-0.7163525,-0.7763525,-0.8463525,-0.9163525,-0.98635256,-1.0663525,-1.1563525,-1.2463526,-1.3563526,-1.4663526,-1.5863526,-1.7063526,-1.8163525,-1.9263525,-2.0063524,-2.0763526,-2.1463525,-2.2163525,-2.2763526,-2.3463526,-2.4063525,-2.4763525,-2.5363526
2.6236475,2.1836474,1.8636475,1.7836474,1.7536474,1.6336474,1.4936475,1.3936474,1.2936474,1.1836475,1.0436474,0.80364746,0.5836475,0.47364748,0.42364746,0.41364747,0.42364746,0.41364747,0.40364745,0.38364747,0.34364745,0.28364745,0.19364746,0.09364746,-0.01635254,-0.12635253,-0.21635254,-0.29635254,-0.35635254,-0.39635253,-0.43635255,-0.48635253,-0.54635257,-0.61635256,-0.7163525,-0.81635255,-0.94635254,-1.0863526,-1.2163526,-1.3363526,-1.4363525,-1.5363525,-1.6063526,-1.6763525,-1.7463526,-1.8263526,-1.9163525,-2.0163527,-2.1163526,-2.2263525,-2.3463526,-2.4563525,-2.5763526,-2.6763525,-2.7963526,-2.9063525,-3.0363526
2.2336473,1.7836474,1.6236475,1.5336474,1.5036474,1.4036474,1.2436475,1.0436474,0.80364746,0.5936475,0.48364747,0.39364746,0.34364745,0.41364747,0.50364745,0.5936475,0.67364746,0.7236475,0.68364745,0.61364746,0.5336475,0.48364747,0.46364745,0.45364746,0.44364747,0.42364746,0.36364746,0.28364745,0.14364746,-0.06635254,-0.32635254,-0.60635257,-0.8363525,-1.0263525,-1.1463525,-1.2463526,-1.3163525,-1.4063525,-1.4863526,-1.5463525,-1.6263525,-1.7963525,-2.0063524,-2.2263525,-2.4063525,-2.5263526,-2.6163526,-2.7363524,-2.8363526,-2.9563525,-3.0763526,-3.2263525,-3.3763525,-3.5363526,-3.6763525,-3.7363524,-3.6763525
2.1236475,1.3636475,1.1836475,1.2836474,1.2836474,1.1536474,0.98364747,0.7836475,0.47364748,0.31364745,0.27364746,0.31364745,0.38364747,0.50364745,0.63364744,0.76364744,0.86364746,0.88364744,0.86364746,0.87364745,0.9036475,0.93364745,0.9636475,0.93364745,0.80364746,0.6036475,0.35364747,0.07364746,-0.19635254,-0.42635253,-0.61635256,-0.7863525,-0.93635255,-1.0963526,-1.2463526,-1.4063525,-1.5363525,-1.6763525,-1.8563526,-2.0363526,-2.1563525,-2.2463524,-2.3463526,-2.4763525,-2.6463525,-2.8563526,-3.0963526,-3.3663526,-3.5463526,-3.6663525,-3.7563524,-3.9263525,-4.0863523,-4.2463527,-4.396353,-4.396353,-4.3663526
3.8536475,3.6336474,2.8836474,1.3136475,0.10364746,0.07364746,0.23364747,0.12364746,0.11364746,0.23364747,0.16364746,0.14364746,0.28364745,0.51364744,0.68364745,0.80364746,0.87364745,0.87364745,0.89364743,0.98364747,1.0736475,1.0736475,0.99364746,0.87364745,0.7836475,0.67364746,0.56364745,0.47364748,0.40364745,0.16364746,-0.21635254,-0.69635254,-1.0663525,-1.3663526,-1.6063526,-1.7163526,-1.7663525,-1.8163525,-1.9163525,-2.0463526,-2.2263525,-2.4963524,-2.7563524,-2.9863524,-3.1063526,-3.2863526,-3.7463524,-4.2663527,-4.6563525,-4.8063526,-4.6863527,-4.5263524,-4.3363523,-4.2463527,-4.2663527,-4.2263527,-4.1363525
4.2136474,4.2436476,4.2136474,4.1836476,4.1836476,4.1236477,3.4936476,1.5236474,0.27364746,0.46364745,0.73364747,0.75364745,0.7836475,0.89364743,0.8436475,0.87364745,1.0936475,1.2436475,1.3936474,1.6636474,1.8636475,1.9236474,1.8336475,1.6936475,1.4936475,1.3236475,1.3636475,1.3536475,1.1436474,0.76364744,0.35364747,-0.02635254,-0.22635254,-0.42635253,-0.5963525,-0.8463525,-1.2163526,-1.5663525,-1.9663526,-2.3463526,-2.8363526,-3.3563526,-3.9463525,-4.646353,-4.7763524,-4.6363525,-4.7463527,-4.9563527,-4.9663525,-4.8763523,-4.8863525,-4.8363523,-4.6763525,-4.4463525,-4.3163524,-4.2763524,-4.2663527
3.5136476,3.4336474,3.4636474,3.6336474,3.8236475,3.9536474,4.0236473,3.8736475,3.7036474,2.1736474,0.80364746,0.9736475,0.93364745,1.2036475,1.2936474,1.1836475,1.3336475,1.5636475,1.9836475,2.2936475,2.6036475,2.9136474,3.2536476,3.4836473,3.4036474,3.3036475,3.1336474,2.9636474,2.8136475,2.4436474,1.9936475,1.7236475,1.5136474,1.0836475,0.63364744,0.30364746,-0.18635254,-0.57635254,-0.9763525,-1.3563526,-2.2963526,-3.3663526,-4.5163527,-4.6163526,-4.5563526,-4.7763524,-4.7063527,-4.646353,-4.7263527,-4.5963526,-4.3463526,-4.146353,-3.8863525,-4.0863523,-4.6563525,-3.3463526,-3.2163525
3.5536475,3.5636475,3.6136475,3.7136474,3.6236475,3.5636475,3.5236475,3.3936474,3.2836475,3.0936475,2.5936475,1.8736475,0.8436475,0.79364747,1.7736474,2.0736475,1.9536475,3.2636476,1.3536475,1.2236475,2.7136474,2.9636474,1.6936475,1.0736475,3.1736474,6.3236475,8.023647,8.343647,6.3736477,5.0236473,3.7536476,3.0436475,2.6336474,2.2536476,1.7136475,1.1536474,0.6536475,0.023647461,-0.44635254,-1.4763526,-2.0163527,-3.1663525,-3.8563526,-3.9963524,-4.5163527,-4.6763525,-3.9663525,-3.8863525,-4.5463524,-4.2563524,-3.1963525,-2.3563526,-2.1563525,-2.8663526,-2.8563526,-1.6963525,-1.4463525
4.5936475,4.5436473,4.5136476,4.3736477,4.3836474,3.9936476,3.5936475,3.2636476,2.7536476,2.3936474,0.93364745,0.29364747,-1.4963526,-1.6663525,0.9736475,1.0636475,-0.82635254,0.22364746,2.6436474,1.4836475,2.2336473,4.6136475,4.6836476,4.1736474,5.3236475,5.5936475,2.6936474,1.3036475,1.6836475,1.7536474,2.6936474,2.8736475,2.7336473,2.4536474,1.6336474,1.2236475,1.1036475,0.41364747,-0.18635254,-0.5363525,-1.7463526,-2.4763525,-4.8663526,-5.9663525,-5.6563525,-5.8363523,-5.896353,-5.7963524,-5.8363523,-5.8063526,-5.5963526,-5.1763525,-4.6563525,-4.4363527,-4.3563523,-3.9363525,-3.5663526
5.0036473,5.3336473,7.103647,7.4536476,6.4636474,6.0036473,5.9736476,5.1736474,4.603647,4.2036476,3.5236475,1.9536475,2.1636474,3.3436475,0.55364746,0.40364745,0.16364746,1.2336475,1.3936474,0.04364746,-0.68635255,-1.3263526,0.88364744,3.8936474,3.9136474,3.9836473,4.4136477,4.2936473,3.7136474,3.0436475,3.0236475,3.3536475,3.7236474,3.4736474,2.8936474,2.5636475,2.3936474,2.2436476,2.1236475,0.98364747,-0.51635253,-2.7063525,-2.4363525,-2.9563525,-3.8863525,-4.4663525,-4.8463526,-4.896353,-4.6063523,-3.9263525,-3.0763526,-2.1563525,-1.0663525,0.24364746,1.5136474,3.0836475,4.6936474
4.9036474,4.5736475,5.2136474,5.8836474,5.8236475,6.1136475,5.6336474,5.4636474,5.0336475,5.0936475,4.9636474,4.1636477,3.8136475,3.6736474,3.7436476,1.9736475,1.5036474,1.7536474,-0.48635253,-0.5963525,0.46364745,1.9536475,3.2636476,3.5936475,3.9636474,4.2136474,3.9536474,4.1236477,4.8636475,4.8836474,4.6736474,4.4136477,4.8936477,5.2036476,5.3636475,5.4136477,5.6136475,5.8136473,5.5836473,5.0536475,1.6836475,1.1936475,1.4436475,0.92364746,-0.88635254,-2.7463524,-2.7263525,-2.2063525,-2.0863526,-1.6663525,-0.98635256,-0.24635254,0.42364746,1.0236474,1.5236474,1.9736475,2.1936474
3.8536475,3.6036475,3.9536474,4.1136475,4.1436477,4.4036474,5.0136476,5.2036476,5.7336473,6.0936475,6.2336473,6.3236475,6.4136477,6.4836473,6.103647,5.1736474,5.2036476,5.1336474,2.8536475,0.48364747,0.41364747,0.34364745,0.8336475,2.5936475,4.2436476,4.7936473,4.9136477,5.6736474,5.8736477,5.6836476,5.7436476,6.1136475,6.4836473,6.6436477,6.4536476,6.7736473,7.3636475,7.5936475,7.8736477,8.153647,8.443647,8.713648,8.933647,8.423648,8.183647,8.0736475,7.4336476,7.0636473,5.6236477,4.4836473,3.6336474,3.6736474,4.2036476,4.0236473,3.1536474,2.8736475,2.3036475
4.4836473,4.2536473,4.6436477,4.9136477,5.1236477,5.6336474,5.8836474,6.0436473,6.0136476,6.2036476,6.6136475,6.8236475,7.0536475,7.4436474,7.6336474,7.3436475,6.2436476,4.6836476,3.2936475,3.7836475,1.9336475,0.48364747,1.2736474,2.4236474,2.1936474,2.9636474,4.7936473,5.9236474,6.5536475,6.7236476,6.9936476,7.8136473,8.283648,8.673648,8.083648,6.7536473,5.8036475,6.6836476,7.6836476,8.043648,8.293648,8.493648,8.3236475,8.863647,11.453648,11.3236475,10.903647,10.303647,9.733647,8.903647,7.9236474,7.0036473,5.7336473,4.3936477,2.6036475,1.5236474,-0.76635253
3.7536476,3.7936475,4.5136476,4.1536474,4.2936473,4.6936474,4.8736477,5.4236474,5.4136477,5.2436476,5.5636473,5.7636476,6.1636477,6.7036476,7.2436476,7.7536473,7.9936476,8.243648,7.6736474,7.0336475,6.9636474,6.9636474,6.2136474,6.6536474,7.2036476,6.9936476,6.5536475,6.4336476,6.3736477,6.6836476,7.6536474,8.213648,8.793648,8.843647,9.423648,9.673648,9.463648,9.543648,9.043648,8.3236475,8.593647,9.403647,9.743648,10.413648,10.593647,10.563647,10.133648,9.763647,9.413648,8.883648,7.9136477,6.9636474,5.7836475,4.4936476,2.1036475,1.6336474,1.6536474
4.4136477,4.2736473,3.8436475,4.0536475,4.1236477,4.3836474,4.7536473,4.7936473,4.6836476,4.9236474,5.4136477,6.1136475,6.5736475,6.4836473,6.4436474,6.3436475,6.2736473,6.2336473,6.1336474,6.0236473,5.5936475,5.5036473,6.5336475,7.6636477,7.4536476,7.5136476,7.9436474,8.633648,9.513647,9.603647,9.853647,9.763647,9.493648,9.143647,9.373648,9.463648,9.753648,9.703648,9.763647,9.863647,10.133648,9.713648,8.963648,8.613647,8.643647,9.223647,9.083648,8.943647,8.723647,8.093647,7.1136475,6.2636476,4.0336475,3.0136476,1.5736475,3.0636475,3.8536475
5.5836473,5.7536473,6.2036476,6.4836473,6.4436474,6.4336476,6.2936473,6.5736475,7.0036473,6.8836474,6.5936475,6.9536476,7.8836474,8.503648,8.703648,8.743648,8.743648,7.7936473,6.0436473,5.2436476,4.3036475,3.8736475,3.2636476,4.0036473,4.9336476,5.4236474,6.0636473,6.3436475,6.7636476,7.4736476,8.473647,10.133648,11.983647,10.223647,9.953648,10.273647,10.113647,9.513647,9.023647,8.973647,9.103647,9.493648,9.643647,9.653647,8.403647,8.083648,8.473647,8.703648,8.593647,8.303647,7.9636474,7.0336475,4.4836473,5.0236473,6.9136477,9.053647,4.2836475
7.3436475,7.4336476,7.7536473,8.023647,8.423648,8.8236475,8.943647,9.013647,8.933647,8.163648,7.4636474,7.2336473,7.5936475,8.403647,8.683647,9.0736475,9.293648,9.603647,9.913648,9.613647,8.903647,6.7436476,4.5836473,3.8836474,5.5736475,5.6836476,6.5936475,7.7236476,9.723647,10.683647,8.443647,7.8136473,7.8436475,8.303647,8.803647,9.263647,9.003648,9.273647,9.113647,9.443647,9.523647,8.983647,9.183647,8.873648,8.783648,8.143647,8.253648,8.593647,8.673648,8.973647,9.103647,8.853647,8.863647,6.6836476,7.7136474,8.143647,6.8836474
6.8036475,7.0136476,7.2836475,7.2536473,7.7636476,7.8836474,8.513647,8.523647,8.943647,8.843647,8.633648,8.173648,8.133648,8.103647,8.0736475,8.153647,8.243648,8.483647,8.793648,8.423648,9.473647,10.263647,5.853647,2.4736474,1.9136474,1.9136474,2.2636476,2.2236474,4.2436476,6.7036476,8.253648,9.043648,9.803647,10.513647,10.293648,9.973647,9.553647,9.343647,9.093647,9.173648,8.953648,8.913648,8.793648,8.5736475,8.863647,8.723647,8.183647,8.303647,8.433647,8.973647,9.253648,9.393647,9.633648,9.983647,10.313647,11.513647,11.463648
5.6436477,5.5536475,4.8736477,6.0536475,6.8136473,8.443647,8.023647,6.9736476,7.9436474,8.793648,9.033648,8.883648,9.123648,8.633648,8.333648,8.133648,7.8436475,7.6736474,2.5336475,2.6336474,2.3336475,2.0936475,5.103647,3.7436476,6.2236476,6.1436477,2.1836474,3.0436475,4.4236474,2.9936476,4.2736473,4.2336473,5.2536473,3.9636474,5.4036474,7.7536473,8.693647,11.153647,8.503648,7.8936477,7.9536476,7.9636474,7.4636474,7.2536473,7.1236477,7.2736473,7.2936473,7.5836473,7.2536473,4.8836474,6.2136474,8.503648,8.8236475,8.363647,8.413648,9.293648,9.743648
11.733647,12.343647,12.403647,12.923648,12.773647,13.483647,13.083648,13.103647,8.713648,8.423648,8.293648,8.723647,8.633648,8.633648,8.103647,7.7536473,2.8936474,1.9636475,1.8936474,3.4936476,4.5736475,1.8736475,3.2836475,4.7936473,1.3436475,1.8036475,2.4436474,2.0536475,2.9936476,2.6836474,1.9336475,1.0036474,1.1936475,1.2436475,1.9836475,4.5736475,4.9636474,5.8336473,6.4136477,6.3636475,8.603647,6.4636474,5.5036473,4.6336474,3.2936475,2.9636474,3.6936474,5.7636476,5.3736477,4.9236474,3.8236475,4.3136473,4.9236474,4.9636474,5.2036476,6.5736475,7.1136475
9.453648,9.853647,10.293648,10.263647,10.303647,10.183647,9.303647,8.583648,8.093647,7.6736474,7.7736473,7.5936475,7.7236476,7.2136474,5.0236473,2.3736475,4.0236473,2.2836475,2.3136475,2.2036474,2.8136475,3.9136474,2.3236475,1.2236475,1.0836475,1.4236474,1.2436475,1.6936475,1.5436474,1.3236475,1.8836474,1.3936474,1.7236475,1.5336474,1.3636475,1.9636475,2.0536475,2.9736474,3.4436474,4.0436473,3.4936476,5.4436474,4.3736477,1.4936475,1.5036474,2.0136476,3.0836475,3.0736475,1.8036475,3.1236475,3.3736475,4.0836473,4.5036473,4.2736473,3.7436476,4.8236475,6.7636476
7.5836473,7.5236473,7.6836476,7.4136477,7.4336476,7.7336473,7.3936477,7.0636473,7.2236476,6.6236477,6.6536474,6.1136475,5.8936477,3.9136474,3.1536474,2.1536474,2.3836474,2.7436476,3.0636475,2.9836473,3.1836474,1.4636475,1.2136475,1.4736475,1.1036475,0.92364746,1.2836474,1.1036475,1.7936474,1.8636475,2.1536474,2.4536474,1.8936474,2.1136475,2.4136474,4.1636477,1.3736475,1.5736475,1.0936475,2.2636476,1.2436475,1.8536475,1.4536475,1.5336474,0.07364746,0.62364745,1.3236475,1.3036475,1.1536474,1.1336474,0.73364747,1.2736474,2.2136474,3.3236475,3.1136475,3.3636475,3.0936475
