static/data/gfs-wind.json
{"header": { "discipline":0, "disciplineName":"Meteorological products", "gribEdition":2, "gribLength":78676, "center":7, "centerName":"US National Weather Service - NCEP(WMC)", "subcenter":0, "refTime":"2020-04-10T00:00:00.000Z", "significanceOfRT":1, "significanceOfRTName":"Start of forecast", "productStatus":0, "productStatusName":"Operational products", "productType":1, "productTypeName":"Forecast products", "productDefinitionTemplate":0, "productDefinitionTemplateName":"Analysis/forecast at horizontal level/layer at a point in time", "parameterCategory":2, "parameterCategoryName":"Momentum", "parameterNumber":3, "parameterNumberName":"V-component_of_wind", "parameterUnit":"m.s-1", "genProcessType":2, "genProcessTypeName":"Forecast", "forecastTime":0, "surface1Type":103, "surface1TypeName":"Specified height level above ground", "surface1Value":10.0, "surface2Type":255, "surface2TypeName":"Missing", "surface2Value":0.0, "gridDefinitionTemplate":0, "gridDefinitionTemplateName":"Latitude_Longitude", "numberPoints":65160, "shape":6, "shapeName":"Earth spherical with radius of 6,371,229.0 m", "gridUnits":"degrees", "resolution":48, "winds":"true", "scanMode":0, "nx":360, "ny":181, "basicAngle":0, "lo1":0.0, "la1":90.0, "lo2":359.0, "la2":-90.0, "dx":1.0, "dy":1.0 }, "data":
[rows 130 to 155 of 181, columns 228 to 284 of 360]
-6.5167603,-6.02676,-6.8967605,-6.29676,-6.77676,-5.5967603,-4.69676,-3.8967602,-3.2267601,-2.9967604,-2.3967602,-1.4567603,-0.26676026,0.38323975,0.48323974,1.2232398,0.9632397,0.98323977,1.3332398,0.89323974,2.0932398,2.4832397,2.8132398,2.7532396,3.1032398,3.1532397,3.8132398,3.6732397,4.2132397,4.41324,4.57324,5.39324,6.43324,6.51324,7.36324,7.05324,7.1232395,6.7132397,6.6932397,5.4632397,5.0032396,4.28324,3.2532396,3.1932397,3.0132399,2.1832397,2.5432398,2.6632397,1.9032397,1.1632397,3.1132398,5.09324,-0.40676025,-1.7167603,4.26324,-6.96676,-7.06676
-7.94676,-6.56676,-7.7067604,-7.56676,-6.81676,-5.7667603,-5.3667603,-4.27676,-4.21676,-3.9867601,-3.6167603,-1.9767603,-1.2567602,-0.94676024,0.23323974,0.9632397,0.9032397,1.4132397,1.9832398,2.2532396,2.5332398,3.4932396,3.1832397,3.4432397,4.1332397,4.1732397,4.28324,4.57324,3.5432398,3.9932396,4.59324,5.3132396,5.7732396,6.0232396,6.43324,7.1232395,7.4832397,7.03324,7.14324,6.41324,5.97324,4.6932397,4.2932396,3.7332397,2.4632397,2.5232399,2.1832397,2.2832398,1.0732398,1.1632397,0.8532398,1.6632397,4.1332397,-2.6267602,-1.2367603,4.2532396,-8.85676
-7.58676,-7.6467605,-8.546761,-8.47676,-7.4167604,-7.44676,-6.7267604,-5.69676,-4.35676,-4.88676,-4.3667603,-3.6467602,-2.5667603,0.063239746,-0.47676027,0.31323975,0.48323974,1.3332398,2.0432398,2.0632398,2.8632398,3.5532398,4.49324,3.9332397,3.2532396,3.8532398,3.6632397,3.8732398,4.0632396,4.09324,4.2732396,5.3132396,5.9032397,6.2932396,7.0032396,6.34324,6.86324,7.4432397,7.22324,6.59324,5.9232397,4.6932397,3.6232398,3.3732398,2.6332397,2.7032397,1.1832397,1.1232398,1.3932397,0.063239746,0.16323975,0.12323975,1.9232397,1.3732398,-2.3067603,-2.5067604,-4.81676
-8.36676,-8.60676,-8.51676,-9.3767605,-8.73676,-7.19676,-6.9167604,-6.3267603,-5.8067603,-5.5167603,-5.3967605,-4.56676,-3.1667602,-1.9567603,-0.47676027,0.95323974,1.0732398,1.9232397,1.8132397,2.6232398,3.1232398,3.3232398,3.5732398,3.9032397,4.30324,4.66324,4.1032395,4.1032395,3.9532397,4.4832397,5.07324,5.8532395,6.3732395,5.97324,5.99324,6.95324,6.0232396,6.4632397,6.7332397,6.2532396,5.5032396,5.22324,3.6832397,3.1132398,2.1032398,2.1932397,2.0832398,1.0332397,0.6032398,0.62323976,-0.62676024,-1.2667602,-0.5967603,0.24323975,0.063239746,-2.9667602,-2.7467604
-7.94676,-8.296761,-8.55676,-8.046761,-9.44676,-8.80676,-7.8767605,-6.44676,-6.67676,-6.21676,-5.50676,-4.85676,-3.6167603,-2.0167603,-0.20676026,0.34323975,1.1032398,1.9932398,2.8332398,3.1632397,3.5832398,3.5932398,4.3532395,4.2132397,4.70324,4.8132396,4.2932396,5.18324,5.18324,5.24324,5.8732395,6.11324,6.5232396,6.36324,5.22324,5.8332396,6.6232395,5.66324,6.1732397,5.70324,5.34324,3.7832398,4.1732397,2.1632397,2.4532397,2.7932398,2.7932398,1.5832398,0.5432398,0.22323975,-0.76676023,-1.8467603,-1.9267602,-2.7267601,-0.28676024,0.23323974,-1.0167602
-10.136761,-10.32676,-10.03676,-9.60676,-9.22676,-9.57676,-8.256761,-7.77676,-7.0767603,-6.46676,-5.73676,-5.23676,-3.9267602,-2.6467602,-1.0567603,0.16323975,1.6632397,2.1032398,2.5132399,2.6132398,2.9832397,3.6032398,3.9832397,5.0032396,4.2132397,4.70324,5.22324,5.03324,5.70324,5.86324,6.2932396,6.61324,6.78324,7.1932397,6.2132397,5.78324,6.72324,6.9032397,5.4232397,5.6232395,4.86324,4.0032396,2.5232399,1.9332397,2.3932397,2.8632398,2.1332397,2.5132399,1.1832397,-1.1967603,-1.3867602,-3.0467603,-3.9367602,-3.4067602,-2.7567604,-1.2567602,0.8532398
-8.966761,-9.98676,-10.27676,-10.43676,-10.07676,-9.34676,-8.72676,-7.96676,-6.81676,-5.50676,-5.13676,-4.46676,-3.8067603,-2.2567604,-0.9067603,-0.15676026,1.0132397,1.6532397,2.5032396,3.2832398,3.5132399,4.20324,4.89324,5.1032395,5.3132396,5.70324,5.22324,5.3332396,5.2332397,5.8732395,6.3732395,6.3832397,7.1032395,6.91324,6.6232395,5.7932396,6.9432397,8.203239,7.2532396,5.55324,5.1032395,4.68324,3.3732398,1.7532398,1.6332397,1.8732398,2.0832398,1.3032397,1.6832397,-0.62676024,-3.3667603,-3.1867602,-4.10676,-4.23676,-3.9067602,-2.7167602,-2.4667602
-11.78676,-11.76676,-10.73676,-10.53676,-10.046761,-9.59676,-10.22676,-8.30676,-7.27676,-6.38676,-5.60676,-4.56676,-4.40676,-3.4667602,-1.5067602,-0.54676026,0.42323974,1.4832398,2.4032397,3.2232397,3.9232397,3.9832397,4.9632397,5.1532397,5.03324,5.14324,5.3732395,5.2932396,5.5832396,5.59324,5.7732396,5.84324,6.6732397,6.11324,6.57324,5.8832397,5.6232395,7.9832397,8.10324,7.03324,5.61324,4.66324,4.26324,3.4132397,2.6532397,1.1132398,2.3632398,1.5332397,1.4632398,-0.28676024,-2.7967603,-5.67676,-4.50676,-4.4767604,-4.92676,-4.38676,-3.4467602
-13.18676,-13.59676,-12.32676,-11.716761,-10.426761,-9.77676,-9.66676,-8.60676,-6.90676,-6.27676,-5.31676,-4.6667604,-4.6667604,-2.9667602,-1.6967603,-0.80676025,0.11323974,1.2732397,2.4432397,3.2732399,3.9932396,4.30324,4.86324,4.84324,5.1332397,5.07324,5.1732397,5.82324,6.18324,5.82324,5.95324,5.47324,6.09324,6.09324,6.91324,6.0432396,4.4032397,6.22324,7.4832397,7.4632397,6.2532396,5.6932397,4.76324,4.1232395,3.6632397,2.7932398,1.7132398,1.4732398,1.1532397,0.48323974,-2.1567602,-4.83676,-5.9967604,-6.10676,-5.9767604,-6.0167603,-4.67676
-13.81676,-13.36676,-12.85676,-12.19676,-11.03676,-10.93676,-9.466761,-9.18676,-6.9967604,-6.2667603,-5.29676,-4.60676,-3.9567602,-3.0667603,-2.5667603,-1.3567603,0.18323974,1.7132398,2.4732397,3.1732397,3.7232397,4.11324,4.26324,4.9432397,5.03324,5.28324,5.01324,5.1532397,5.5632396,5.4032397,5.43324,5.7132397,6.6532397,6.9832397,6.74324,6.7132397,3.1932397,4.7132397,6.9832397,7.5832396,6.86324,6.1332397,5.4232397,5.4032397,4.4632397,3.3032398,2.1432397,1.7832397,1.5732398,0.28323975,-1.2967602,-3.2867603,-4.48676,-6.2067604,-7.0167603,-7.8667603,-7.8467603
-13.426761,-14.07676,-13.61676,-12.77676,-11.80676,-11.44676,-10.546761,-9.176761,-7.67676,-6.7467604,-5.25676,-4.6467605,-4.0167603,-3.7467604,-3.2667603,-2.2767603,-1.3067603,-0.54676026,1.5132397,2.7132397,3.4132397,3.5432398,4.0032396,4.39324,5.0232396,4.7132397,4.9032397,4.99324,5.6232395,5.5832396,5.1532397,5.4632397,6.20324,7.78324,7.8132396,7.86324,4.1932397,2.2032397,6.20324,7.2932396,7.80324,7.07324,6.7732396,6.20324,4.89324,4.86324,3.6732397,2.4532397,1.4032397,0.31323975,-1.8967602,-4.1267605,-5.1467605,-6.60676,-7.27676,-9.81676,-11.07676
-12.80676,-14.59676,-14.55676,-13.91676,-12.97676,-11.69676,-10.74676,-9.926761,-8.93676,-8.52676,-6.6167603,-5.7667603,-4.67676,-4.06676,-3.5267603,-3.1467602,-1.9967602,-1.0067602,-0.116760254,1.0532397,2.0232399,2.9032397,3.2532396,4.0232396,3.6232398,4.1932397,4.84324,5.2532396,5.34324,5.3532395,4.7732396,5.5832396,5.70324,7.24324,8.13324,7.64324,4.93324,4.0032396,5.97324,7.6732397,7.8132396,7.80324,7.4432397,7.4232397,6.5632396,6.05324,5.1232395,4.0432396,3.0932398,0.5332397,-2.6667602,-5.8067603,-7.42676,-8.3367605,-8.8767605,-11.06676,-13.18676
-12.14676,-13.59676,-14.1267605,-13.68676,-12.73676,-12.11676,-11.19676,-10.49676,-9.43676,-8.14676,-6.46676,-5.4567604,-4.46676,-3.7967603,-3.3667603,-2.5367603,-1.5367602,0.08323975,0.6032398,1.0632397,2.1032398,2.3732398,2.9832397,3.9032397,3.9132397,3.8332398,3.9332397,4.68324,4.5232396,4.26324,4.16324,4.0632396,6.05324,7.2932396,7.97324,6.11324,3.7032397,4.55324,6.6532397,7.05324,7.8532395,8.46324,8.363239,8.75324,8.533239,8.113239,8.42324,8.33324,7.07324,4.01324,-1.7567602,-8.35676,-12.756761,-13.676761,-12.636761,-12.34676,-14.26676
-10.60676,-12.14676,-13.40676,-13.23676,-12.95676,-12.03676,-11.28676,-10.296761,-9.40676,-8.40676,-7.6467605,-6.3767605,-5.3767605,-4.56676,-4.0767603,-2.9367602,-3.0067604,-1.7967602,1.2332398,1.0532397,1.2832397,1.9432397,2.8332398,3.7732399,3.7732399,3.8032398,3.2932398,4.41324,4.07324,3.5132399,3.2632399,4.2532396,5.64324,5.9432397,6.86324,5.7932396,4.34324,5.91324,6.95324,7.5632396,7.89324,8.573239,9.25324,9.56324,10.01324,10.15324,11.06324,11.75324,11.83324,11.71324,4.22324,-5.1167603,-15.11676,-16.17676,-15.05676,-15.10676,-16.28676
-8.796761,-10.20676,-12.01676,-12.05676,-12.22676,-11.99676,-11.31676,-10.18676,-9.48676,-8.82676,-7.90676,-6.6467605,-5.7267604,-4.6467605,-4.1667604,-3.7367601,-3.8867602,-2.5667603,-1.1567602,-0.036760256,0.34323975,1.6132398,3.5832398,3.5132399,4.03324,3.2832398,3.1932397,3.1432397,4.7132397,3.8932397,3.7632399,3.4632397,4.5432396,5.1732397,5.78324,5.7132397,3.4532397,5.2932396,6.72324,7.5632396,8.00324,8.73324,9.55324,10.00324,10.863239,11.83324,13.113239,14.29324,15.60324,16.10324,4.32324,-4.21676,-9.73676,-13.43676,-14.72676,-16.00676,-16.93676
-7.2867603,-8.296761,-10.046761,-10.97676,-11.28676,-10.91676,-10.36676,-9.81676,-9.30676,-8.56676,-7.42676,-6.7667603,-5.8267603,-4.81676,-4.42676,-3.9167602,-3.3167603,-2.2067602,-0.66676027,1.2332398,0.98323977,1.9232397,2.8732398,3.2632399,3.7932398,4.0232396,3.5132399,3.5332398,3.6632397,4.09324,3.6832397,3.7932398,3.3532398,3.8632398,4.7732396,3.4332397,4.3532395,4.55324,6.09324,7.41324,8.39324,8.75324,9.58324,10.08324,10.9132395,12.10324,13.35324,14.84324,15.75324,16.65324,13.97324,-3.3067603,-7.8467603,-9.95676,-12.30676,-14.70676,-16.00676
-5.90676,-6.83676,-8.03676,-9.216761,-9.48676,-9.756761,-9.60676,-9.40676,-9.0867605,-8.35676,-7.35676,-6.4767604,-5.67676,-5.2667603,-4.6267605,-3.9267602,-3.4267602,-2.6967602,-1.0967603,1.3932397,0.46323976,1.1832397,2.0132399,1.9832398,2.8832397,3.9632397,4.0632396,4.43324,4.3532395,3.5932398,3.3332398,3.7732399,3.4032397,1.3332398,2.0832398,3.8532398,1.7532398,2.7432396,4.36324,5.86324,7.3532395,8.323239,8.79324,9.54324,10.18324,11.30324,12.63324,13.953239,14.8732395,16.27324,16.33324,13.05324,-4.90676,-7.8767605,-11.006761,-14.07676,-15.546761
-5.8967605,-6.7467604,-6.6267605,-8.31676,-9.14676,-9.74676,-9.60676,-8.98676,-8.64676,-8.05676,-7.17676,-6.67676,-6.1467605,-6.06676,-5.3067603,-4.1167603,-3.4767601,-1.8467603,-0.14676026,1.2632397,1.4832398,1.3132397,1.3532398,1.7532398,2.1932397,1.8332398,2.8132398,3.4332397,4.0232396,4.22324,3.5932398,3.8732398,3.8732398,1.9832398,1.5332397,2.1332397,1.9832398,1.1532397,3.1532397,4.8832397,6.03324,7.4632397,7.8532395,8.31324,9.00324,9.71324,11.15324,12.493239,14.10324,14.77324,16.89324,17.55324,12.203239,-5.42676,-9.216761,-13.03676,-13.76676
-5.4167604,-6.0767603,-6.69676,-7.71676,-8.52676,-9.006761,-8.94676,-8.90676,-8.676761,-8.01676,-7.67676,-6.7267604,-4.7667603,-3.6467602,-3.5267603,-3.6567602,-2.3567603,-1.3767602,-0.29676026,1.2532398,2.1632397,1.7232398,1.3132397,1.3432398,2.0432398,2.1032398,2.3232398,3.0332398,2.9932396,3.3432398,3.6632397,3.5732398,3.3932397,3.5332398,1.0232397,0.92323977,2.4032397,0.41323975,1.6232398,2.8632398,4.0832396,5.6732397,6.55324,7.1232395,7.7932396,8.51324,9.35324,10.97324,12.243239,13.75324,14.113239,16.95324,18.47324,9.84324,-9.28676,-12.20676,-13.3767605
-3.5367603,-4.5567603,-5.10676,-6.52676,-7.85676,-8.82676,-8.78676,-8.05676,-7.83676,-7.04676,-5.8467603,-4.2267604,-3.2967603,-2.5967603,-2.0967603,-1.4667603,-0.5367603,-0.116760254,0.61323977,1.3332398,2.1432397,2.1832397,2.2132397,2.5432398,2.3832397,1.8232398,1.7532398,2.4532397,2.6232398,2.5832398,2.1332397,3.7232397,3.7932398,3.7132397,2.6832397,0.64323974,2.2432396,-0.026760254,0.44323975,0.8532398,2.4932396,3.5532398,5.0632396,6.0232396,6.3532395,7.26324,7.6732397,8.54324,10.113239,11.39324,12.743239,12.363239,15.14324,16.88324,12.51324,-8.73676,-11.046761
-1.3467603,-2.7467604,-3.9567602,-5.3067603,-5.8967605,-6.3067603,-6.5167603,-6.44676,-6.3767605,-6.0767603,-5.3067603,-4.2667603,-3.5967603,-3.0967603,-2.3967602,-1.4467603,-0.82676023,0.29323974,0.9132397,0.92323977,1.4632398,1.8032397,2.0132399,2.1232398,1.6932397,1.5032398,2.3732398,2.6332397,1.8232398,2.6532397,2.3732398,2.0732398,3.1932397,3.5332398,3.7232397,2.6832397,-0.25676024,-0.38676026,-2.2567604,-0.7167603,-0.06676026,1.3632398,3.0032396,4.5832396,5.4032397,5.8532395,6.5032396,6.8132396,7.5032396,9.14324,10.203239,11.323239,10.203239,11.38324,13.52324,12.96324,11.77324
-3.1767602,-3.1667602,-2.6567602,-4.1467605,-5.1667604,-5.4967604,-5.58676,-5.56676,-4.8467603,-4.1467605,-3.6867602,-3.1567602,-1.9567603,-2.0567603,-1.6067603,-1.0567603,-0.60676026,0.83323973,1.0432397,1.0432397,1.0532397,1.0932398,0.63323975,0.76323974,0.63323975,1.3232398,2.3932397,2.8332398,2.1232398,2.4132397,2.4332397,2.0632398,1.4332397,1.6032398,2.5732398,2.3232398,-0.62676024,-3.1467602,-3.4067602,-1.9667603,-1.7267603,-0.30676025,1.2832397,3.0132399,3.6332397,4.8332396,4.8532395,5.6532397,5.8132396,6.22324,7.26324,8.25324,9.00324,8.96324,8.15324,11.113239,10.77324
-4.0367603,-3.6367602,-3.9767601,-4.08676,-3.8667603,-3.9867601,-4.21676,-4.1867604,-4.00676,-3.5767603,-3.5467603,-3.2667603,-2.9567602,-2.0267603,-1.5967603,-0.80676025,0.033239745,0.20323974,0.6632397,0.80323976,0.51323974,1.1032398,2.1932397,3.2632399,2.9732397,1.6732397,1.3832397,2.0932398,1.7632397,2.0132399,2.5432398,2.8032398,2.3332398,2.5132399,2.5332398,3.6632397,1.9432397,-4.4967604,-6.67676,-4.5367603,-2.8967602,-1.9567603,0.17323975,1.4532398,2.2932398,3.4432397,4.1332397,4.1932397,4.74324,4.6932397,4.86324,4.8732395,5.59324,5.97324,6.20324,5.6332397,6.03324
-3.2567604,-3.2567604,-3.0367603,-3.3667603,-3.5767603,-3.1067603,-3.0967603,-3.1867602,-3.1467602,-3.0167603,-3.0567603,-2.6167603,-1.9867603,-1.5667603,-0.5867603,-0.33676025,0.15323974,0.89323974,1.5832398,1.3532398,1.1632397,1.5532397,2.0032396,1.9132397,1.8332398,1.6632397,1.7932397,1.9632398,2.0332398,2.0232399,2.1432397,2.5332398,2.6332397,2.3132398,2.2032397,3.0932398,2.5732398,-3.8367603,-8.53676,-6.5967603,-5.1467605,-3.3267603,-1.5267602,-0.21676025,1.1732397,2.4532397,3.7932398,4.28324,4.1232395,3.8632398,3.2832398,2.7532396,2.9932396,2.8632398,2.9632397,2.7332397,2.6832397
-2.8367603,-2.9067602,-3.1167603,-2.9967604,-2.7167602,-2.8567603,-2.4467602,-2.3067603,-2.3467603,-2.2867603,-2.2067602,-1.8667603,-1.3667603,-1.0467602,-0.79676026,-0.44676027,0.18323974,0.42323974,1.0032398,1.2432398,2.0332398,2.5932398,2.6632397,2.8532398,3.1832397,3.2632399,2.7632399,3.2132397,3.6732397,3.7832398,3.1332397,3.5932398,3.5232399,3.9232397,3.2532396,2.5232399,2.0132399,-2.6467602,-10.03676,-8.176761,-6.9767604,-5.58676,-3.2167602,-1.6967603,-0.42676026,0.9732397,2.8932397,3.8632398,3.8632398,3.5032396,2.9532397,1.7232398,0.6532397,0.15323974,0.103239745,0.07323974,0.17323975
-2.1967602,-2.3667603,-2.5067604,-2.4367602,-2.2367601,-2.2467604,-2.5867603,-2.2167602,-1.6867603,-1.8767602,-1.6767602,-1.5467602,-1.3567603,-0.74676025,-0.35676026,0.14323975,0.39323974,0.88323975,1.7632397,2.5732398,2.7032397,3.0732398,3.1432397,3.2332397,3.4232397,3.4532397,3.3132398,3.9832397,4.2332397,4.72324,4.72324,4.41324,3.5032396,3.5032396,3.5232399,2.8032398,2.5632398,-6.75676,-8.34676,-6.31676,-4.5567603,-2.8767602,-1.3567603,-3.5867603,-2.3767602,0.30323973,2.0132399,2.8732398,3.3032398,3.2432396,2.7332397,2.1932397,1.2032398,-0.08676025,-1.1267602,-1.8267603,-1.8867602
