static/data/gfs-wind.json
{"header": { "discipline":0, "disciplineName":"Meteorological products", "gribEdition":2, "gribLength":78396, "center":7, "centerName":"US National Weather Service - NCEP(WMC)", "subcenter":0, "refTime":"2020-04-10T00:00:00.000Z", "significanceOfRT":1, "significanceOfRTName":"Start of forecast", "productStatus":0, "productStatusName":"Operational products", "productType":1, "productTypeName":"Forecast products", "productDefinitionTemplate":0, "productDefinitionTemplateName":"Analysis/forecast at horizontal level/layer at a point in time", "parameterCategory":2, "parameterCategoryName":"Momentum", "parameterNumber":2, "parameterNumberName":"U-component_of_wind", "parameterUnit":"m.s-1", "genProcessType":2, "genProcessTypeName":"Forecast", "forecastTime":0, "surface1Type":103, "surface1TypeName":"Specified height level above ground", "surface1Value":10.0, "surface2Type":255, "surface2TypeName":"Missing", "surface2Value":0.0, "gridDefinitionTemplate":0, "gridDefinitionTemplateName":"Latitude_Longitude", "numberPoints":65160, "shape":6, "shapeName":"Earth spherical with radius of 6,371,229.0 m", "gridUnits":"degrees", "resolution":48, "winds":"true", "scanMode":0, "nx":360, "ny":181, "basicAngle":0, "lo1":0.0, "la1":90.0, "lo2":359.0, "la2":-90.0, "dx":1.0, "dy":1.0 }, "data":
[rows 75 to 99 of 181, columns 285 to 341 of 360]
-5.146353,-6.0063524,-6.1163526,-6.0763526,-6.4963527,-6.4263525,-6.4763527,-6.1063523,-5.5863523,-5.0363526,-5.1363525,-5.0463524,-5.0863523,-4.5863523,-4.5163527,-3.9763525,-3.9163525,-4.9763527,-5.1563525,-5.2263527,-5.8663526,-5.2763524,-5.6563525,-5.4763527,-6.0063524,-6.4163527,-6.6163526,-7.2463527,-7.146353,-7.0963526,-7.0663524,-6.5063524,-6.1863527,-6.7263527,-7.0563526,-6.3663526,-6.2863526,-5.7463527,-5.1763525,-5.1263523,-5.0863523,-5.3463526,-5.396353,-5.7663527,-5.6063523,-4.7563524,-3.9563525,-3.4663525,-5.3663526,-5.0563526,-5.8363523,-1.3863525,-0.73635256,-1.1563525,-1.2363526,1.0036474,1.0036474
-6.3463526,-6.5663524,-6.9263525,-7.1763525,-7.4363527,-7.6863527,-7.7063527,-7.3763523,-6.4163527,-6.5563526,-6.0063524,-6.8763523,-4.9063525,-5.5063524,-3.1863525,-4.4563527,-4.2063527,-4.4963527,-5.5563526,-5.2163525,-5.2363524,-5.6663527,-5.5063524,-5.5163527,-6.0163527,-6.3263526,-7.1763525,-7.2463527,-7.3163524,-6.8163524,-6.8563523,-6.5863523,-6.8763523,-7.0963526,-6.6163526,-6.7463527,-5.5863523,-5.2263527,-5.2863526,-4.9963527,-5.3563523,-5.6763525,-5.4463525,-4.9463525,-4.6063523,-3.9363525,-3.8563526,-4.7663527,-4.8563523,-4.2063527,-0.15635253,-2.6363525,-1.9663526,-0.82635254,-0.54635257,0.89364743,1.4136474
-6.9563527,-7.2563524,-7.5663524,-6.8363523,-7.7163525,-9.496352,-8.796352,-8.196353,-7.6563525,-7.4663525,-6.7863526,-7.4563527,-7.1163526,-6.8063526,-5.0863523,-5.1263523,-4.6763525,-4.7363524,-5.4663525,-5.7163525,-5.6963525,-5.9663525,-5.8863525,-6.1363525,-6.2363524,-6.5863523,-7.2463527,-6.9263525,-6.8263526,-7.0263524,-6.9563527,-6.8163524,-6.9663525,-6.9163527,-6.3763523,-6.2663527,-5.7163525,-5.5263524,-4.9263525,-5.5563526,-5.7163525,-5.3563523,-4.7863526,-3.8563526,-4.3263526,-4.2763524,-4.6063523,-4.3263526,-3.0463526,-1.8563526,-3.4663525,-3.7663527,-1.8763525,-1.1663525,-0.70635253,0.5336475,2.3736475
-7.7363524,-7.3463526,-5.2663527,-5.4563527,-5.7863526,-9.796352,-8.126352,-8.896353,-8.066353,-8.616352,-7.2463527,-8.006352,-8.436353,-7.3763523,-6.396353,-5.7863526,-5.6363525,-5.3663526,-5.2563524,-6.3063526,-5.9663525,-6.1163526,-6.5063524,-6.4463525,-6.4963527,-6.6863527,-6.7163525,-6.646353,-6.8363523,-7.1763525,-6.6763525,-6.9563527,-7.2663527,-6.9063525,-6.5463524,-6.3863525,-5.7763524,-5.5363526,-5.8163524,-5.3063526,-5.0863523,-4.1063523,-3.8763525,-4.5863523,-4.4363527,-4.9163527,-4.4263525,-3.8863525,-2.4563525,-3.3063526,-2.4463525,-2.5163527,-1.2763525,-0.38635254,0.47364748,1.5236474,2.3336475
-6.0863523,-0.7163525,0.5336475,-2.1863525,-5.9863524,-0.86635256,-1.7163526,-6.6663527,-6.0563526,-3.9463525,-6.6863527,-3.1963525,-8.616352,-8.856353,-7.5663524,-6.9563527,-6.4963527,-6.2363524,-5.9763527,-6.1263523,-6.7263527,-6.9663525,-6.9863524,-6.896353,-6.8263526,-6.7263527,-6.9163527,-6.7863526,-6.9763527,-6.8863525,-7.2063527,-7.2463527,-7.2163525,-6.9663525,-6.6063523,-6.1963525,-5.6863527,-5.4563527,-5.3663526,-5.0963526,-4.0863523,-3.7163525,-4.6263523,-4.7563524,-5.0963526,-4.3863525,-4.1863527,-3.9563525,-3.9863524,-2.5963526,-2.5363526,-1.6563525,-1.5463525,-0.5363525,0.9136475,2.0836475,2.5736475
0.89364743,2.9136474,-1.7363526,-2.7063525,-0.88635254,-1.4463525,-0.13635254,0.34364745,-0.41635254,0.14364746,-0.46635255,-1.2063526,-1.1763525,-8.476353,-7.7963524,-7.4163527,-6.7463527,-5.8863525,-6.3863525,-6.2663527,-7.0063524,-6.8263526,-6.9663525,-6.8463526,-7.0563526,-7.1963525,-7.0763526,-6.9863524,-7.0663524,-7.2763524,-6.9563527,-7.0463524,-6.9563527,-7.0563526,-7.1563525,-6.3063526,-5.5963526,-5.0363526,-5.0163527,-4.7363524,-4.2663527,-4.4063525,-4.9463525,-4.9863524,-4.5763526,-4.1963525,-4.5563526,-4.7563524,-3.8063526,-2.9363525,-2.1863525,-1.9363525,-1.0463525,-0.09635254,0.8436475,2.1836474,3.6936474
3.5936475,0.5236475,0.82364744,-2.2463524,-0.47635254,0.6636475,-0.19635254,-0.36635253,0.43364745,-1.4263525,-2.1763525,-4.0163527,-3.6863525,-3.5663526,-2.4363525,-8.226353,-7.0563526,-6.5163527,-6.2363524,-6.4463525,-6.7563524,-6.3063526,-6.7863526,-6.9363527,-7.2163525,-7.2263527,-7.2963524,-6.9763527,-6.9263525,-6.9163527,-7.2163525,-6.8063526,-6.5063524,-7.0863523,-6.3763523,-6.6363525,-5.0263524,-5.5463524,-4.9663525,-4.9563527,-4.7863526,-4.6863527,-4.5963526,-4.9663525,-4.8763523,-4.5963526,-4.7063527,-4.4163527,-3.8663526,-2.9063525,-2.2863526,-1.4463525,-0.5863525,0.30364746,1.1136475,2.6236475,3.9536474
1.1336474,1.2836474,-0.8963525,-0.8463525,1.1736474,-0.7863525,1.0336474,0.36364746,0.88364744,-0.44635254,-4.0063524,-2.7363524,-2.8463526,-2.3463526,-2.0163527,-1.8963525,-6.3763523,-6.6363525,-5.9663525,-6.2263527,-6.3663526,-6.5263524,-6.6563525,-6.896353,-7.0563526,-6.9663525,-6.7863526,-6.8563523,-7.0863523,-6.9763527,-7.0363526,-7.1363525,-6.4863524,-6.5263524,-6.6063523,-6.1663527,-5.9963527,-5.0963526,-4.9263525,-4.9963527,-4.8063526,-4.6863527,-4.4363527,-4.4963527,-4.9363527,-4.896353,-4.8563523,-4.4163527,-2.9063525,-2.5463526,-1.7363526,-0.5363525,-0.18635254,0.70364743,1.9536475,3.1336474,3.7936475
0.42364746,-0.31635255,0.43364745,0.9036475,0.27364746,2.0636475,0.07364746,-1.6063526,0.29364747,0.5336475,-0.6463525,0.5336475,-3.0163527,-2.7763526,-2.4463525,-1.6263525,-1.4563526,-5.6163526,-5.3563523,-5.9863524,-6.3563523,-6.1363525,-6.1863527,-6.9863524,-6.8163524,-6.5963526,-6.7163525,-6.8663526,-6.6563525,-6.8463526,-7.3763523,-7.1763525,-6.8063526,-6.7263527,-6.0763526,-5.8463526,-5.7263527,-5.2763524,-5.3263526,-4.8363523,-4.3463526,-4.6163526,-4.4363527,-4.6663527,-4.2363524,-4.6763525,-4.0763526,-3.8363526,-2.6563525,-2.3063526,-1.6063526,-0.60635257,-0.26635253,1.1036475,2.0936475,3.1136475,3.6236475
0.10364746,-1.0263525,-0.79635257,0.5836475,1.2236475,2.3736475,1.0636475,-0.09635254,-0.54635257,0.39364746,1.7636474,-0.57635254,0.023647461,-1.4063525,-1.3963525,-0.16635254,-1.3463526,-1.4663526,-4.3363523,-5.4163527,-4.2763524,-5.3863525,-5.7563524,-6.2163525,-6.7963524,-7.0663524,-6.5763526,-6.6363525,-6.9563527,-6.8263526,-7.4263525,-6.8663526,-6.6163526,-6.2963524,-5.9463525,-6.2263527,-5.7863526,-5.3563523,-4.8163524,-4.5763526,-4.1763525,-4.1163526,-4.0563526,-3.9763525,-4.1163526,-3.8363526,-4.3163524,-3.2863526,-2.6663525,-1.9063525,-1.2663525,-0.88635254,0.21364745,1.2836474,1.8836474,3.3436475,3.3336475
0.50364745,-1.3563526,-0.006352539,0.61364746,1.7136475,3.3436475,1.0736475,-0.51635253,-0.39635253,0.81364745,0.7736475,-0.12635253,-0.12635253,0.46364745,-1.1763525,-0.45635253,-0.7863525,-1.2763525,-0.93635255,-0.5863525,-1.1063526,-0.67635256,-0.93635255,-5.0663524,-6.7863526,-6.646353,-6.0363526,-6.2463527,-6.3363523,-6.7163525,-7.3863525,-7.0263524,-6.2363524,-6.2263527,-5.6963525,-5.8763523,-5.7363524,-5.146353,-4.5663524,-4.3763523,-3.8363526,-3.9263525,-3.9463525,-3.9063525,-3.5963526,-3.1963525,-3.0563526,-3.3463526,-1.6863525,-1.2663525,-1.0263525,-0.28635255,0.47364748,1.9236474,2.7636476,1.8536475,2.4336474
0.92364746,1.0336474,0.26364747,2.0436475,0.5236475,2.0436475,0.26364747,-0.116352536,0.42364746,-1.1063526,-0.18635254,-0.25635254,0.28364745,0.56364745,2.2336473,-3.2663527,-0.94635254,-0.57635254,-0.45635253,0.013647461,-0.74635255,-0.82635254,-0.6663525,-0.5963525,-5.6163526,-6.396353,-5.7263527,-6.0563526,-5.9763527,-6.2163525,-6.5563526,-6.146353,-6.2763524,-5.6063523,-5.6563525,-5.9963527,-5.4663525,-5.1363525,-4.0663524,-3.9663525,-3.9763525,-3.6063526,-2.8163526,-3.1463525,-4.1063523,-2.9863524,-4.0463524,-3.5563526,-3.1263525,-1.6063526,-1.4063525,-0.27635252,0.74364746,1.9736475,2.0436475,2.1636474,1.6536474
-0.5863525,0.49364746,-0.10635254,0.80364746,0.69364744,1.4736475,0.6636475,0.20364746,0.0036474608,-2.0663526,-0.31635255,-0.26635253,-0.05635254,0.87364745,2.9836473,-1.4463525,-0.55635256,-0.6563525,-0.7763525,-0.62635255,-0.76635253,-1.1263525,-0.75635254,-0.6663525,-2.5163527,-4.8563523,-4.6263523,-5.2463527,-5.2563524,-6.0363526,-5.646353,-6.1063523,-5.5263524,-5.3663526,-5.896353,-5.4463525,-5.2463527,-4.8063526,-3.9663525,-4.4663525,-4.146353,-3.3663526,-3.2463524,-4.2363524,-3.8563526,-3.5563526,-3.7463524,-3.0263526,-2.6663525,-1.6163526,-1.0863526,-0.74635255,-0.33635253,0.73364747,1.6136475,1.2936474,-1.2163526
0.57364744,0.39364746,0.8536475,0.89364743,1.1236475,1.0336474,-0.41635254,-0.05635254,0.04364746,-1.0563525,-0.8363525,-0.92635256,0.54364747,0.62364745,0.35364747,0.16364746,-0.99635255,-0.08635254,-0.49635255,-1.7563525,-1.2563525,-1.0363525,-0.55635256,-0.68635255,-0.5863525,-3.5763526,-4.1963525,-4.0863523,-5.5563526,-5.7663527,-5.2063527,-5.7863526,-5.8063526,-5.646353,-5.1863527,-5.5063524,-5.0263524,-4.2763524,-4.3363523,-5.2363524,-5.146353,-4.5663524,-4.1763525,-4.4063525,-3.1863525,-3.1863525,-3.0163527,-3.8363526,-2.9663525,-2.9163525,-2.5363526,-1.8963525,-1.4463525,-0.87635255,0.13364746,-1.1163526,-2.3463526
0.29364747,0.5836475,0.64364743,0.88364744,1.4036474,0.64364743,-1.1463525,-0.15635253,-0.57635254,-1.1763525,-0.75635254,-0.33635253,-0.14635254,0.46364745,0.09364746,0.08364746,-0.43635255,-0.20635253,0.41364747,-0.92635256,-0.8463525,-0.92635256,-0.76635253,-0.39635253,-1.1563525,-0.9063525,-2.2463524,-2.1563525,-4.7263527,-5.1063523,-5.1163526,-4.8663526,-5.4463525,-5.8263526,-5.2463527,-5.3863525,-4.9363527,-4.3263526,-4.5263524,-4.9063525,-4.8663526,-3.9263525,-4.646353,-3.8163526,-3.3263526,-3.1563525,-3.8963525,-3.8563526,-3.4563525,-3.0463526,-2.5963526,-2.8063526,-1.9963526,-1.5363525,-1.7463526,-2.7663527,-2.6063526
0.34364745,0.9736475,1.0236474,0.6536475,1.3436475,0.35364747,-1.8863525,-0.67635256,-1.5363525,-1.7163526,-1.3763525,-1.0463525,-0.50635254,-0.26635253,0.56364745,0.18364745,0.053647462,0.16364746,0.013647461,-0.43635255,-0.86635256,-0.85635257,-0.6563525,-0.19635254,-2.6863525,-1.7063526,-2.5663526,-3.1063526,-4.1263523,-4.5263524,-5.7163525,-5.1763525,-5.6563525,-5.646353,-5.4363527,-5.1663527,-5.4863524,-5.1563525,-4.7663527,-4.6863527,-4.8463526,-4.4863524,-4.2563524,-3.6063526,-3.9263525,-3.5563526,-3.7563524,-4.2863526,-3.7463524,-3.8763525,-2.9663525,-3.5363526,-2.6663525,-2.8063526,-1.7163526,-2.7763526,-2.4463525
0.37364745,0.7236475,0.9136475,0.56364745,0.88364744,-0.54635257,-0.98635256,-1.1263525,-0.7863525,-1.1663525,-1.3163525,-1.1063526,-0.98635256,-0.46635255,0.21364745,0.54364747,-0.036352538,-0.38635254,-0.22635254,-0.49635255,-0.02635254,-0.94635254,-0.05635254,-0.44635254,-0.51635253,-0.31635255,-0.5263525,-0.68635255,-0.7263525,-2.8663526,-4.4663525,-5.2863526,-6.0663524,-5.5363526,-5.6163526,-5.5363526,-5.6263523,-5.6863527,-5.1763525,-4.4563527,-4.0163527,-4.0363526,-3.9063525,-3.7063525,-4.7863526,-4.5763526,-4.5863523,-4.8063526,-4.0263524,-3.6163526,-3.8663526,-4.3863525,-2.6163526,-2.7363524,-3.5763526,-4.3463526,-2.6963525
1.0236474,1.1036475,0.29364747,0.67364746,0.25364745,-0.39635253,-0.73635256,-0.75635254,-0.8963525,-0.7763525,-1.2463526,-1.9063525,-0.80635256,0.15364747,0.39364746,-0.036352538,-0.48635253,-0.8363525,-0.22635254,-0.30635253,-0.62635255,-0.08635254,-0.19635254,-0.41635254,0.023647461,-0.28635255,-0.44635254,-0.61635256,-0.9663525,-0.45635253,-0.37635255,-4.1563525,-6.7363524,-6.1663527,-6.3663526,-5.4963527,-5.146353,-5.8863525,-5.7263527,-5.0363526,-4.4763527,-4.5863523,-4.0963526,-4.0163527,-4.0463524,-5.2263527,-5.2563524,-5.2963524,-4.396353,-3.8563526,-4.6363525,-4.3363523,-3.8963525,-4.2463527,-4.7963524,-4.8163524,-5.396353
0.9136475,0.18364745,0.29364747,0.57364744,-0.33635253,-0.29635254,0.023647461,-1.3963525,-0.70635253,-0.31635255,-1.5063525,-1.4263525,-0.85635257,-0.37635255,0.32364747,-0.30635253,-0.63635254,-1.2963525,0.033647463,-0.37635255,-0.06635254,-0.44635254,0.13364746,-0.15635253,-0.01635254,0.13364746,-0.38635254,-0.74635255,-0.7263525,-0.38635254,-0.29635254,-0.6563525,-0.9763525,-1.7363526,-1.5263525,-1.7363526,-5.4263525,-5.7363524,-6.2463527,-5.6863527,-5.3363523,-5.3263526,-4.9763527,-4.8063526,-4.896353,-5.1163526,-5.8763523,-5.7863526,-5.2363524,-5.7363524,-4.9563527,-4.1163526,-4.1263523,-5.2963524,-5.2363524,-6.6763525,-5.7963524
1.0436474,0.62364745,-0.36635253,0.46364745,-0.88635254,-0.05635254,-0.09635254,-0.68635255,-0.8963525,0.35364747,-1.0963526,-0.99635255,-0.46635255,-0.02635254,0.64364743,-0.41635254,0.22364746,-1.3463526,-1.0363525,-0.33635253,0.16364746,-0.23635253,-0.45635253,0.55364746,-0.28635255,-0.05635254,0.27364746,-0.12635253,-0.5263525,-0.29635254,-0.19635254,0.23364747,-0.13635254,0.35364747,-1.7563525,-0.85635257,-1.2763525,-5.5363526,-7.4363527,-6.4163527,-5.1763525,-5.1863527,-5.0563526,-5.5363526,-5.5163527,-6.0763526,-5.7863526,-6.2763524,-6.146353,-5.6663527,-4.8863525,-4.9763527,-5.1663527,-5.4963527,-6.5563526,-6.396353,-5.3563523
0.64364743,0.33364746,0.21364745,-0.50635254,-0.5263525,-0.82635254,0.15364747,-0.92635256,-0.69635254,-0.10635254,-1.0063525,-1.3163525,0.023647461,0.22364746,0.63364744,-0.17635255,0.20364746,-0.33635253,-0.33635253,-0.6463525,-0.05635254,-0.26635253,-0.51635253,0.32364747,-0.27635252,-0.37635255,-0.16635254,0.35364747,-0.29635254,0.04364746,0.38364747,0.48364747,0.07364746,-1.2463526,-1.2363526,-0.60635257,-0.14635254,-0.87635255,-6.6363525,-6.6563525,-5.5863523,-5.1763525,-5.3163524,-5.5363526,-6.0963526,-5.9363527,-6.1263523,-6.2563524,-5.6063523,-5.0863523,-4.9763527,-5.5163527,-5.8363523,-5.6863527,-5.7163525,-6.0763526,-5.7863526
0.40364745,-0.38635254,0.54364747,-0.87635255,0.22364746,-0.92635256,-0.57635254,-0.57635254,-0.94635254,-0.25635254,-0.42635253,-0.7863525,-0.63635254,-0.82635254,0.12364746,1.0636475,0.69364744,0.36364746,0.19364746,-0.9063525,-0.06635254,-0.25635254,-0.07635254,-0.36635253,-0.23635253,0.20364746,0.04364746,0.19364746,0.39364746,0.33364746,0.51364744,-0.26635253,0.013647461,-0.39635253,-1.4063525,-0.62635255,-0.33635253,-0.56635255,-1.1463525,-1.5263525,-4.396353,-5.2963524,-5.2763524,-5.0363526,-6.0263524,-6.4863524,-5.9963527,-6.0363526,-5.3763523,-6.2163525,-5.5163527,-5.3263526,-5.7963524,-5.6063523,-5.5263524,-5.6763525,-6.0363526
-0.25635254,0.11364746,0.28364745,-0.44635254,-0.6563525,-0.70635253,-0.9063525,-0.18635254,-0.98635256,-0.7863525,-0.9163525,-1.3563526,-0.61635256,-0.60635257,-0.69635254,0.40364745,0.7136475,0.38364747,0.21364745,0.51364744,0.45364746,-0.116352536,0.38364747,0.51364744,-0.5363525,0.08364746,0.30364746,0.57364744,0.44364747,1.0336474,0.47364748,-0.17635255,-0.5363525,-0.63635254,-0.9063525,-0.45635253,0.9136475,-0.81635255,0.37364745,-3.8363526,-1.5363525,-5.3563523,-5.2863526,-5.9863524,-5.4263525,-6.1363525,-6.0763526,-5.7763524,-5.6263523,-5.5763526,-5.9463525,-5.2563524,-5.4763527,-5.5463524,-5.5463524,-5.2463527,-5.2363524
0.55364746,-0.61635256,0.12364746,-0.34635255,-0.42635253,-0.85635257,-0.80635256,-0.67635256,-0.95635253,-0.32635254,-1.2363526,-0.95635253,-0.17635255,-0.9063525,-0.31635255,-0.51635253,-0.12635253,0.13364746,0.21364745,0.27364746,0.39364746,0.5836475,0.47364748,0.10364746,-0.28635255,-0.08635254,0.31364745,0.50364745,-0.29635254,0.8436475,1.2936474,-0.37635255,-0.36635253,0.69364744,-0.57635254,-0.006352539,0.09364746,-0.93635255,-3.4263525,-2.2263525,-1.9163525,-4.4663525,-5.1063523,-5.4363527,-5.6263523,-6.2863526,-5.7663527,-5.5463524,-5.3363523,-4.9863524,-6.0763526,-5.2563524,-5.2063527,-4.9963527,-5.1963525,-5.0563526,-5.146353
0.19364746,-1.2063526,-0.24635254,-0.14635254,-0.42635253,-0.44635254,-0.60635257,-0.67635256,-0.9163525,-0.56635255,-0.7263525,-0.7763525,-0.29635254,-0.06635254,-0.82635254,-0.81635255,0.21364745,-0.32635254,0.033647463,-0.036352538,0.07364746,0.79364747,0.6036475,0.12364746,0.31364745,0.12364746,-0.69635254,0.50364745,-0.01635254,-0.31635255,0.94364744,-1.1163526,0.38364747,0.08364746,1.9536475,1.0336474,-2.3963525,-3.7863526,-0.41635254,-1.4263525,-5.4563527,-4.4563527,-4.6163526,-5.4263525,-4.4063525,-5.0463524,-5.5063524,-4.9263525,-5.0363526,-5.5263524,-5.6763525,-5.0363526,-4.6563525,-4.3663526,-4.5463524,-4.3763523,-4.4463525
